-59.2617410586245580
-1.1247381590682402
-12.7514487117258780
-16.0916945046831400
-8.5637074080555280
-0.9678853129336351
-0.9224262081451847
-5.1359967099955366
-6.2452228951747912
-2.8952235123514507
-0.0497662084878094
-1.1179877844569730
-3.6374681054501283
-3.5977564636921060
-1.1902403566749793
0.0678146315875914
-1.2915489665673743
-2.8665442795920986
-2.2369601106908266
-0.4117510184582472
-0.0299210628007627
-1.4090768786547747
-2.2998585349474205
-1.3613654654077256
-0.0288389680631365
-0.2069071820101637
-1.4584920426564905
-1.8110334295599613
-0.7473556644236276
0.1327620937855814
-0.4048855411839449
-1.4360484565110463
-1.3639789491120149
-0.3110401992699083
0.1542402708328772
-0.5896187731004732
-1.3440188165975044
-0.9524810083709319
-0.0136604793522033
0.0848516706025695
-0.7380912614709799
-1.1897851919050879
-0.5817808041962751
0.1675184213478478
-0.0392463416306884
-0.8347932311198787
-0.9850246168552724
-0.2610495494967938
0.2501237951925042
-0.1884626692884733
-0.8705514546359660
-0.7447396947971551
0.0004414594820532
0.2511371948565997
-0.3376093871894880
-0.8420745503765758
-0.4861112973575801
0.1955657513943018
0.1885937872965962
-0.4654717301656477
-0.7515861621897499
-0.2272210336917343
0.3207159364541475
0.0819094334559728
-0.5550618530258120
-0.6063099264889872
0.0142809541944102
0.3765746920945688
-0.0485448098646045
-0.5940696201296102
-0.4177260180991713
0.2224767816060036
0.3683967862586849
-0.1822898347141027
-0.5752558238680260
-0.2005947499400168
0.3843640186866587
0.3058677865162182
-0.2997951990923621
-0.4966461973374724
0.0282143668105777
0.4908430706833063
0.2025970417174063
-0.3835883339801283
-0.3614506657660335
0.2510235783153795
0.5374452328454943
0.0753105405010225
-0.4192901689787497
-0.1776781336749578
0.4506984457617845
0.5247583445569997
-0.0571772340868106
-0.3964741127641960
0.0425472220905020
0.6119649680975067
0.4585321645235572
-0.1751191933507204
-0.3092666596882254
0.2839331695382319
0.7226102257106489
0.3494749028678635
-0.2590131410333552
-0.1566294811817521
0.5291719492671796
0.7744960330939847
0.2127859903914593
-0.2906826576781446
0.0577158097243835
0.7602226652703485
0.7643357009951316
0.0675104252809784
-0.2541282226627179
0.3257404027108132
0.9596372667125662
0.6942156893328276
-0.0641459684426408
-0.1359881550134776
0.6359478541295601
1.1118398303764254
0.5718924976561870
-0.1573144743684576
0.0746136092614980
0.9746172045547978
1.2042718048380987
0.4109767773036541
-0.1843801918317237
0.3872116502415740
