107.4778893751156200
-7.3914650072960626
-12.2384453216186430
-1.7765703518956792
5.1912198356807595
2.4886070143632826
-3.1602892792220723
-3.7596215566089377
0.1438193454971175
2.3314056317620140
0.2051907876268357
-2.5239760432823317
-1.9820038360648435
0.5658730116381321
1.2526043442033088
-0.6437286436639340
-2.1067802295829323
-1.0984123629521372
0.6650756292191913
0.5684298770414847
-1.0674611945708601
-1.7320488762970221
-0.5456425216499189
0.6111703001725479
0.0535621156422870
-1.2739739625601856
-1.3720711612136152
-0.1816386982975105
0.4633169859335758
-0.3517227513768258
-1.3373136378867341
-1.0293197032882937
0.0450562345203003
0.2556352008047147
-0.6648941166328014
-1.2959843477936837
-0.7150061165864333
0.1595834698902332
0.0146670985529004
-0.8908343207134319
-1.1773998680767386
-0.4423178383489521
0.1793193676529523
-0.2361965327177452
-1.0317825849895872
-1.0054348393520673
-0.2233209679280508
0.1203450840957371
-0.4758865752985206
-1.0913487608441892
-0.8027165835084932
-0.0671818690291833
-0.0002798264567905
-0.6860091197797428
-1.0761952541852338
-0.5909236144166129
0.0209240735721175
-0.1640326818802804
-0.8515661882071181
-0.9965584832915265
-0.3902484627233671
0.0404088842969527
-0.3513259477191945
-0.9616951904770286
-0.8660725188285313
-0.2185302555117060
-0.0045585540103609
-0.5423695083344720
-1.0102489427818957
-0.7011241925067852
-0.0903246580729343
-0.1052720204167542
-0.7182569839446075
-0.9961171386433959
-0.5198881094647573
-0.0160755865774780
-0.2490560457294911
-0.8621110585518689
-0.9232381582730401
-0.3411620870375406
-0.0014971463696076
-0.4201288821378633
-0.9601610330382873
-0.8002863517666797
-0.1831134160860510
-0.0472352846058148
-0.6006911455697711
-1.0026521054020618
-0.6400506787578075
-0.0620402161064707
-0.1488456940980736
-0.7721573230808825
-0.9845097256932544
-0.4585475097521659
0.0087557062666351
-0.2970937546020604
-0.9164378134041173
-0.9057073302776679
-0.2739336248078869
0.0198999760515118
-0.4785526745486285
-1.0171747132959392
-0.7713129057969941
-0.1053048801247282
-0.0333872413829230
-0.6764472177721551
-1.0608351917552710
-0.5912193780952564
0.0285178409384757
-0.1509352290744398
-0.8716617035029968
-1.0375708908346801
-0.3795962441681388
0.1100987898910051
-0.3276003007395980
-1.0437995495720822
-0.9417574827904415
-0.1541374217768004
0.1242574533600084
-0.5535717641131032
-1.1721394912166594
-0.7721289546732985
0.0647697765667175
0.0585239317466423
-0.8149697951309133
-1.2362594604703412
-0.5314016911958934
0.2547465649918693
