0.0000000000000003 -0.0001785929571536 -0.0003676539949819 -0.0005671033652069 -0.0007768540524040 -0.0009968118159357 -0.0012268752364478 -0.0014669357669021 -0.0017168777881188 -0.0019765786688010 -0.0022459088300050 -0.0025247318140243
-0.0028129043576471 -0.0031102764697471 -0.0034166915131638 -0.0037319862908273 -0.0040559911360765 -0.0043885300071224 -0.0047294205855986 -0.0050784743791462 -0.0054354968279728 -0.0058002874153228 -0.0061726397817965 -0.0065523418434517
-0.0069391759136192 -0.0073329188283583 -0.0077333420754861 -0.0081402119270957 -0.0085532895754935 -0.0089723312724719 -0.0093970884718362 -0.0098273079751020 -0.0102627320802770 -0.0107030987336396 -0.0111481416844233 -0.0115975906423176
-0.0120511714376893 -0.0125086061844310 -0.0129696134453393 -0.0134339083999244 -0.0139012030145506 -0.0143712062148054 -0.0148436240599995 -0.0153181599196847 -0.0157945146520920 -0.0162723867843777 -0.0167514726945734 -0.0172314667951283
-0.0177120617179332 -0.0181929485007179 -0.0186738167747066 -0.0191543549534202 -0.0196342504225112 -0.0201131897305171 -0.0205908587804165 -0.0210669430218735 -0.0215411276440513 -0.0220130977688817 -0.0224825386446726 -0.0229491358399347
-0.0234125754373102 -0.0238725442274884 -0.0243287299029853 -0.0247808212516769 -0.0252285083499587 -0.0256714827554244 -0.0261094376989363 -0.0265420682759782 -0.0269690716371694 -0.0273901471778260 -0.0278049967264495 -0.0282133247320341
-0.0286148384500705 -0.0290092481271380 -0.0293962671839684 -0.0297756123968693 -0.0301470040773968 -0.0305101662501669 -0.0308648268286945 -0.0312107177891518 -0.0315475753419398 -0.0318751401009677 -0.0321931572505319 -0.0325013767096949
-0.0327995532940604 -0.0330874468748434 -0.0333648225351382 -0.0336314507232863 -0.0338871074032468 -0.0341315742018783 -0.0343646385530367 -0.0345860938384037 -0.0347957395249511 -0.0349933812989583 -0.0351788311964996 -0.0353519077303167
-0.0355124360129948 -0.0356602478763670 -0.0357951819870722 -0.0359170839581867 -0.0360258064568648 -0.0361212093079160 -0.0362031595932513 -0.0362715317471392 -0.0363262076472018 -0.0363670767011002 -0.0363940359288455 -0.0364069900406874
-0.0364058515105214 -0.0363905406447739 -0.0363609856467148 -0.0363171226761523 -0.0362588959044730 -0.0361862575649877 -0.0360991679985466 -0.0359975956943957 -0.0358815173262362 -0.0357509177834720 -0.0356057901976105 -0.0354461359638031
-0.0352719647575052 -0.0350832945462354 -0.0348801515964342 -0.0346625704753969 -0.0344305940482894 -0.0341842734702324 -0.0339236681734584 -0.0336488458495462 0.0000000000000073 -0.0006981134662533 -0.0013873591942655 -0.0020670608896564
-0.0027365473905091 -0.0033951531297672 -0.0040422185946437 -0.0046770907827430 -0.0052991236546004 -0.0059076785823531 -0.0065021247942490 -0.0070818398147121 -0.0076462098996794 -0.0081946304669269 -0.0087265065211099 -0.0092412530732420
-0.0097382955543394 -0.0102170702229654 -0.0106770245664088 -0.0111176176952358 -0.0115383207309598 -0.0119386171865735 -0.0123180033396991 -0.0126759885981080 -0.0130120958573738 -0.0133258618504218 -0.0136168374887456 -0.0138845881950668
-0.0141286942272151 -0.0143487509930168 -0.0145443693559821 -0.0147151759315848 -0.0148608133739408 -0.0149809406526889 -0.0150752333198902 -0.0151433837667647 -0.0151851014700907 -0.0152001132280998 -0.0151881633857062 -0.0151490140489136
-0.0150824452882517 -0.0149882553311036 -0.0148662607427835 -0.0147162965962406 -0.0145382166302659 -0.0143318933960898 -0.0140972183922611 -0.0138341021877060 -0.0135424745328799 -0.0132222844589204 -0.0128735003647268 -0.0124961100918948
-0.0120901209874403 -0.0116555599542624 -0.0111924734892908 -0.0107009277092811 -0.0101810083642235 -0.0096328208383388 -0.0090564901386454 -0.0084521608710852 -0.0078199972042094 -0.0071601828204227 -0.0064729208548082 -0.0057584338215441
-0.0050169635279476 -0.0042487709761773 -0.0034541362526421 -0.0026333584051616 -0.0017867553079445 -0.0009146635144445 -0.0000174380981719 0.0009045475184585 0.0018509017471553 0.0028212150285572 0.0038150600387138 0.0048319919071319
0.0058715484462651 0.0069332503923265 0.0080166016572863 0.0091210895919195 0.0102461852597538 0.0113913437217655 0.0125560043316643 0.0137395910415974 0.0149415127181023 0.0161611634681263 0.0173979229749263 0.0186511568436592
0.0199202169564581 0.0212044418367970 0.0225031570229254 0.0238156754501632 0.0251412978418282 0.0264793131085712 0.0278289987558841 0.0291896212995437 0.0305604366887462 0.0319406907366839 0.0333296195583115 0.0347264500150419
0.0361304001661109 0.0375406797263419 0.0389564905300396 0.0403770270007374 0.0418014766265194 0.0432290204406318 0.0446588335071017 0.0460900854110659 0.0475219407535239 0.0489535596502134 0.0503840982343115 0.0518127091626592
0.0532385421252034 0.0546607443573521 0.0560784611549315 0.0574908363914354 0.0588970130372530 0.0602961336805635 0.0616873410495780 0.0630697785358141 0.0644425907180869 0.0658049238868931 0.0671559265688736 0.0684947500510320
0.0698205489043902 0.0711324815067607 0.0724297105643151 0.0737114036316307 0.0000000000000003 -0.0004366298768838 -0.0008391829888415 -0.0012078646468841 -0.0015429145604574 -0.0018446066320858 -0.0021132487266690 -0.0023491824155598
-0.0025527826955922 -0.0027244576832456 -0.0028646482841451 -0.0029738278381158 -0.0030525017400241 -0.0031012070366592 -0.0031205119999161 -0.0031110156765683 -0.0030733474149235 -0.0030081663686800 -0.0029161609783095 -0.0027980484303140
-0.0026545740947131 -0.0024865109411397 -0.0022946589339289 -0.0020798444066053 -0.0018429194161859 -0.0015847610777289 -0.0013062708795722 -0.0010083739797204 -0.0006920184838491 -0.0003581747054123 -0.0000078344083441 0.0003579899671327
0.0007382660950766 0.0011319425702428 0.0015379497298039 0.0019552004898224 0.0023825911959142 0.0028190024875296 0.0032633001752696 0.0037143361306480 0.0041709491876959 0.0046319660558043 0.0050962022431850 0.0055624629903257
0.0060295442128103 0.0064962334528631 0.0069613108389727 0.0074235500529470 0.0078817193037378 0.0083345823073788 0.0087808992723665 0.0092194278898136 0.0096489243277030 0.0100681442285580 0.0104758437098555 0.0108707803664890
0.0112517142746031 0.0116174089961061 0.0119666325831748 0.0122981585820591 0.0126107670354968 0.0129032454830486 0.0131743899586628 0.0134230059847797 0.0136479095622905 0.0138479281556615 0.0140219016725437 0.0141686834371835
0.0142871411569598 0.0143761578813705 0.0144346329528015 0.0144614829484100 0.0144556426124627 0.0144160657784737 0.0143417262804914 0.0142316188528935 0.0140847600180503 0.0139001889612293 0.0136769683921161 0.0134141853923423
0.0131109522484066 0.0127664072693994 0.0123797155889381 0.0119500699507350 0.0114766914772296 0.0109588304207259 0.0103957668964862 0.0097868115972448 0.0091313064886151 0.0084286254848762 0.0076781751046348 0.0068793951058779
0.0060317590999304 0.0051347751438623 0.0041879863108870 0.0031909712383195 0.0021433446526661 0.0010447578714411 -0.0001051007186900 -0.0013065052078142 -0.0025596917330918 -0.0038648580738413 -0.0052221632717224 -0.0066317272763379
-0.0080936306165530 -0.0096079140978219 -0.0111745785257885 -0.0127935844564170 -0.0144648519728856 -0.0161882604894666 -0.0179636485825916 -0.0197908138492874 -0.0216695127931530 -0.0235994607380239 -0.0255803317694585 -0.0276117587041596
-0.0296933330874291 -0.0318246052187325 -0.0340050842054362 -0.0362342380447584 -0.0385114937339576 -0.0408362374087662 -0.0432078145100563 -0.0456255299787070 -0.0480886484786231 -0.0505963946478436 -0.0531479533776460 -0.0557424701195505
0.0000000000000650 -0.0001954415054929 -0.0003571265562382 -0.0004866876321891 -0.0005857578240264 -0.0006559689705897 -0.0006989498034583 -0.0007163241000961 -0.0007097088470380 -0.0006807124145737 -0.0006309327443855 -0.0005619555515834
-0.0004753525425690 -0.0003726796501443 -0.0002554752872775 -0.0001252586209094 0.0000164721328193 0.0001682413905603 0.0003285978596313 0.0004961161704420 0.0006693984821718 0.0008470760604152 0.0010278108255269 0.0012102968704323
0.0013932619466774 0.0015754689175285 0.0017557171769490 0.0019328440333086 0.0021057260567044 0.0022732803888061 0.0024344660141553 0.0025882849918865 0.0027337836468624 0.0028700537192470 0.0029962334715676 0.0031115087523548
0.0032151140154758 0.0033063332943076 0.0033845011299377 0.0034490034526049 0.0034992784156342 0.0035348171811478 0.0035551646568761 0.0035599201834245 0.0035487381713916 0.0035213286877627 0.0034774579910523 0.0034169490147021
0.0033396817982659 0.0032455938659797 0.0031346805523198 0.0030069952742220 0.0028626497496539 0.0027018141622746 0.0025247172719658 0.0023316464710527 0.0021229477860607 0.0018990258249200 0.0016603436695469 0.0014074227137812
0.0011408424467041 0.0008612401813855 0.0005693107291722 0.0002658060196493 -0.0000484653335444 -0.0003726385208210 -0.0007057930784124 -0.0010469534834994 -0.0013950898023617 -0.0017491183911655 -0.0021079026489731 -0.0024702538225092
-0.0028349318621893 -0.0032006463288742 -0.0035660573507694 -0.0039297766298635 -0.0042903684972481 -0.0046463510166316 -0.0049961971353302 -0.0053383358819601 -0.0056711536100450 -0.0059929952867040 -0.0063021658255465 -0.0065969314628811
-0.0068755211762944 -0.0071361281446373 -0.0073769112484139 -0.0075959966095417 -0.0077914791694194 -0.0079614243042023 -0.0081038694761724 -0.0082168259200317 -0.0082982803629580 -0.0083461967771942 -0.0083585181639468 -0.0083331683673297
-0.0082680539170604 -0.0081610658986039 -0.0080100818494237 -0.0078129676799875 -0.0075675796181422 -0.0072717661754663 -0.0069233701341698 -0.0065202305531152 -0.0060601847914873 -0.0055410705486580 -0.0049607279187390 -0.0043170014583255
-0.0036077422659152 -0.0028308100714668 -0.0019840753345535 -0.0010654213495659 -0.0000727463563863 0.0009960343450207 0.0021429862777000 0.0033701536700538 0.0046795573390454 0.0060731925758509 0.0075530270355667 0.0091209986325704
0.0107790134431370 0.0125289436169270 0.0143726252989313 0.0163118565634943 0.0183483953619970 0.0204839574858081 0.0227202145460765 0.0250587919719654 0.0000000000000050 -0.0000760220117913 -0.0001297851413910 -0.0001634713759273
-0.0001791792719608 -0.0001789234882911 -0.0001646344261034 -0.0001381579761572 -0.0001012553726692 -0.0000556031535014 -0.0000027932261344 0.0000556669611659 0.0001183541436554 0.0001839288606816 0.0002511349733603 0.0003187990803133
0.0003858298324800 0.0004512171481434 0.0005140313293363 0.0005734220809364 0.0006286174337949 0.0006789225733517 0.0007237185752539 0.0007624610495764 0.0007946786953317 0.0008199717670079 0.0008380104549684 0.0008485331816161
0.0008513448152805 0.0008463148038816 0.0008333752304597 0.0008125187927566 0.0007837967090890 0.0007473165527944 0.0007032400176295 0.0006517806165310 0.0005932013162126 0.0005278121101361 0.0004559675324334 0.0003780641154159
0.0002945377933595 0.0002058612552815 0.0001125412495071 0.0000151158428095 -0.0000858483629790 -0.0001897590540346 -0.0002960010643137 -0.0004039392691071 -0.0005129215093445 -0.0006222815436533 -0.0007313420251049 -0.0008394174995886
-0.0009458174227063 -0.0010498491920752 -0.0011508211919231 -0.0012480458468039 -0.0013408426813071 -0.0014285413825682 -0.0015104848624283 -0.0015860323160539 -0.0016545622738401 -0.0017154756434259 -0.0017681987386377 -0.0018121862921991
-0.0018469244490436 -0.0018719337370755 -0.0018867720122609 -0.0018910373748915 -0.0018843710539689 -0.0018664602565696 -0.0018370409791951 -0.0017959007780041 -0.0017428814949810 -0.0016778819370445 -0.0016008605051217 -0.0015118377703455
-0.0014108989944466 -0.0012981965915348 -0.0011739525284897 -0.0010384606611906 -0.0008920890039202 -0.0007352819292671 -0.0005685622959324 -0.0003925335019262 -0.0002078814606170 -0.0000153764972342 0.0001841248365553 0.0003896780323099
0.0006002489809779 0.0008147124177198 0.0010318504575330 0.0012503512237091 0.0014688075711042 0.0016857159061415 0.0018994751053577 0.0021083855342599 0.0023106481681779 0.0025043638166994 0.0026875324532154 0.0028580526510201
0.0030137211273107 0.0031522323963685 0.0032711785331075 0.0033680490480797 0.0034402308749777 0.0034850084715209 0.0034995640345968 0.0034809778303784 0.0034262286400834 0.0033321943219255 0.0031956524897391 0.0030132813086422
0.0027816604080231 0.0024972719120273 0.0021565015876562 0.0017556401104404 0.0012908844476331 0.0007583393586703 0.0001540190126455 -0.0005261512775925 -0.0012863332052347 -0.0021307735037443 -0.0030638018662461 -0.0040898287508030
-0.0052133430724928 -0.0064389097832327 -0.0077711673404084 -0.0092148250654839 -0.0000000000008754 0.0000166628243075 0.0000244294187405 0.0000247916035458 0.0000191223804537 0.0000086799392366 -0.0000053882934086 -0.0000220415692131
-0.0000403417038042 -0.0000594489382218 -0.0000786177822586 -0.0000971928454809 -0.0001146046617435 -0.0001303655129449 -0.0001440652577637 -0.0001553671710704 -0.0001640037996819 -0.0001697728400080 -0.0001725330431941 -0.0001722001531903
-0.0001687428831577 -0.0001621789356141 -0.0001525710715079 -0.0001400232334655 -0.0001246767282777 -0.0001067064736652 -0.0000863173142186 -0.0000637404113448 -0.0000392297119114 -0.0000130585002879 0.0000144839618906 0.0000430957036529
0.0000724652161966 0.0001022745237643 0.0001322021498894 0.0001619259751227 0.0001911259824935 0.0002194868870852 0.0002467006462697 0.0002724688472486 0.0002965049687164 0.0003185365136572 0.0003383070103174 0.0003555778786893
0.0003701301599177 0.0003817661062044 0.0003903106290081 0.0003956126033579 0.0003975460265160 0.0003960110290624 0.0003909347370062 0.0003822719833050 0.0003700058677970 0.0003541481642486 0.0003347395738104 0.0003118498240405
0.0002855776130667 0.0002560503984302 0.0002234240305231 0.0001878822305539 0.0001496359131955 0.0001089223544083 0.0000660042047715 0.0000211683492014 -0.0000252753861230 -0.0000729956785765 -0.0001216413043814 -0.0001708428829247
-0.0002202147685727 -0.0002693570881654 -0.0003178579222787 -0.0003652956281046 -0.0004112413017248 -0.0004552613772836 -0.0004969203604577 -0.0005357836934584 -0.0005714207485919 -0.0006034079473645 -0.0006313320016994 -0.0006547932740885
-0.0006734092529308 -0.0006868181393998 -0.0006946825420214 -0.0006966932749199 -0.0006925732555930 -0.0006820814979560 -0.0006650171962152 -0.0006412238950805 -0.0006105937415838 -0.0005730718137719 -0.0005286605213106 -0.0004774240730834
-0.0004194930065175 -0.0003550687734673 -0.0002844283773789 -0.0002079290561590 -0.0001260130053563 -0.0000392121359565 0.0000518471388730 0.0001464390938984 0.0002437338645520 0.0003427926083962 0.0004425626610512 0.0005418726928247
0.0006394278720878 0.0007338050414542 0.0008234479131001 0.0009066622893007 0.0009816113145580 0.0010463107655581 0.0010986243852018 0.0011362592671595 0.0011567612971746 0.0011575106575153 0.0011357174008351 0.0010884170999018
0.0010124665793873 0.0009045397360566 0.0007611234536964 0.0005785136188998 0.0003528112441010 0.0000799187038785 -0.0002444639093391 -0.0006248423038637 -0.0010659313760029 -0.0015726584596301 -0.0021501664324722 -0.0028038166730882
0.0000000000000276 0.0000021541883168 0.0000018401934522 -0.0000002843118828 -0.0000036473028569 -0.0000077563854487 -0.0000121929607976 -0.0000166065734006 -0.0000207094460886 -0.0000242712043750 -0.0000271137922600 -0.0000291065814305
-0.0000301616753379 -0.0000302294095298 -0.0000292940489808 -0.0000273696832665 -0.0000244963196461 -0.0000207361742026 -0.0000161701607833 -0.0000108945769291 -0.0000050179861605 0.0000013417048874 0.0000080599757589 0.0000150082296930
0.0000220561416889 0.0000290738190305 0.0000359337773487 0.0000425127348877 0.0000486932281616 0.0000543650524442 0.0000594265308563 0.0000637856158950 0.0000673608275932 0.0000700820327641 0.0000718910699449 0.0000727422249876
0.0000726025621746 0.0000714521164685 0.0000692839520901 0.0000661040933532 0.0000619313334923 0.0000567969275053 0.0000507441754677 0.0000438279024002 0.0000361138414935 0.0000276779272147 0.0000186055051811 0.0000089904657144
-0.0000010656917467 -0.0000114548564750 -0.0000220633587693 -0.0000327730699838 -0.0000434625423198 -0.0000540081811882 -0.0000642854423573 -0.0000741700463740 -0.0000835392027276 -0.0000922728354788 -0.0001002548036115 -0.0001073741072335
-0.0001135260728883 -0.0001186135095714 -0.0001225478280901 -0.0001252501158915 -0.0001266521599296 -0.0001266974097591 -0.0001253418732842 -0.0001225549380838 -0.0001183201102763 -0.0001126356643377 -0.0001055151959214 -0.0000969880712889
-0.0000870997656921 -0.0000759120844080 -0.0000635032592941 -0.0000499679144819 -0.0000354168945944 -0.0000199769495819 -0.0000037902695363 0.0000129861360608 0.0000301812204055 0.0000476108485657 0.0000650789188468 0.0000823786616802
0.0000992941207102 0.0001156018210647 0.0001310726290000 0.0001454738071728 0.0001585712696504 0.0001701320401814 0.0001799269172100 0.0001877333489540 0.0001933385210415 0.0001965426599867 0.0001971625540708 0.0001950352942652
0.0001900222366044 0.0001820131876166 0.0001709308138174 0.0001567352761617 0.0001394290900739 0.0001190622108800 0.0000957373451109 0.0000696154864288 0.0000409216764275 0.0000099509879515 -0.0000229252692444 -0.0000572531233679
-0.0000924892971665 -0.0001279943493981 -0.0001630256036154 -0.0001967298673537 -0.0002281359452532 -0.0002561469501360 -0.0002795324156804 -0.0002969202156773 -0.0003067882942547 -0.0003074562126197 -0.0002970765172338 -0.0002736259360123
-0.0002348964078583 -0.0001784859523729 -0.0001017893869071 -0.0000019888970910 0.0001239555306764 0.0002793158079832 0.0004676055654711 0.0006925900888580 -0.0000000000198569 0.0000008543018425 0.0000007957652549 0.0000001316047856
-0.0000008857990041 -0.0000020530448184 -0.0000032102037084 -0.0000042356683200 -0.0000050413497802 -0.0000055682124682 -0.0000057821352105 -0.0000056700894111 -0.0000052366227290 -0.0000045006377930 -0.0000034924543776 -0.0000022511444524
-0.0000008221294006 0.0000007449737735 0.0000023982659922 0.0000040852528573 0.0000057543150643 0.0000073559733619 0.0000088439605869 0.0000101761109844 0.0000113150783693 0.0000122288947654 0.0000128913792367 0.0000132824093460
0.0000133880650965 0.0000132006557409 0.0000127186409305 0.0000119464554157 0.0000108942477471 0.0000095775430827 0.0000080168393732 0.0000062371459018 0.0000042674741477 0.0000021402894195 -0.0000001090690329 -0.0000024429896102
-0.0000048222057357 -0.0000072064194536 -0.0000095549252371 -0.0000118272273620 -0.0000139836433898 -0.0000159858882549 -0.0000177976328865 -0.0000193850326729 -0.0000207172198148 -0.0000217667557885 -0.0000225100395611 -0.0000229276679558
-0.0000230047443429 -0.0000227311336609 -0.0000221016610159 -0.0000211162515300 -0.0000197800103218 -0.0000181032416722 -0.0000161014064312 -0.0000137950174839 -0.0000112094744794 -0.0000083748366014 -0.0000053255371476 -0.0000021000393727
0.0000012595626587 0.0000047079972054 0.0000081973169947 0.0000116774490743 0.0000150967862093 0.0000184028181535 0.0000215427947863 0.0000244644190434 0.0000271165615562 0.0000294499927330 0.0000314181247252 0.0000329777570031
0.0000340898176582 0.0000347200938298 0.0000348399428740 0.0000344269748925 0.0000334656999785 0.0000319481290392 0.0000298743207001 0.0000272528635425 0.0000241012836448 0.0000204463680588 0.0000163243930021 0.0000117812463609
0.0000068724334215 0.0000016629545265 -0.0000037729563477 -0.0000093522446589 -0.0000149836102684 -0.0000205682575374 -0.0000260008324810 -0.0000311705581142 -0.0000359625815238 -0.0000402595446591 -0.0000439433907752 -0.0000468974193003
-0.0000490086030447 -0.0000501701760778 -0.0000502845115703 -0.0000492662944610 -0.0000470460078743 -0.0000435737405561 -0.0000388233317255 -0.0000327968622606 -0.0000255295064705 -0.0000170947546516 -0.0000076100188911 0.0000027573658250
0.0000137837354910 0.0000251822732428 0.0000365957590124 0.0000475888799089 0.0000576400931122 0.0000661330302175 0.0000723474338583 0.0000754496187793 0.0000744824454894 0.0000683548015941 0.0000558305803533 0.0000355171510179
0.0000058533113832 -0.0000349032813135 -0.0000886892088785 -0.0001576489254646 -0.0000000000023275 0.0000001007385299 -0.0000000073530153 -0.0000002248274878 -0.0000004767642003 -0.0000007090414036 -0.0000008849489841 -0.0000009821623660
-0.0000009900324117 -0.0000009071814731 -0.0000007393831674 -0.0000004977040531 -0.0000001968950881 0.0000001459957829 0.0000005127966074 0.0000008851947411 0.0000012455421185 0.0000015775038765 0.0000018665545650 0.0000021003522266
0.0000022689899831 0.0000023651438825 0.0000023841335452 0.0000023238985334 0.0000021849106448 0.0000019700260937 0.0000016842917883 0.0000013347118240 0.0000009299863828 0.0000004802269129 -0.0000000033396475 -0.0000005086785973
-0.0000010232513215 -0.0000015343181572 -0.0000020292295631 -0.0000024957042059 -0.0000029220891527 -0.0000032975977124 -0.0000036125240553 -0.0000038584310273 -0.0000040283094828 -0.0000041167074443 -0.0000041198278429 -0.0000040355988650
-0.0000038637064047 -0.0000036056012761 -0.0000032644740613 -0.0000028451983219 -0.0000023542501131 -0.0000017995971320 -0.0000011905656666 -0.0000005376852312 0.0000001474891942 0.0000008525684164 0.0000015645383137 0.0000022699790343
0.0000029552927918 0.0000036069377787 0.0000042116656482 0.0000047567541485 0.0000052302399197 0.0000056211411113 0.0000059196712815 0.0000061174374816 0.0000062076241105 0.0000061851543535 0.0000060468308853 0.0000057914522825
0.0000054198997001 0.0000049351960735 0.0000043425308831 0.0000036492576259 0.0000028648505038 0.0000020008288385 0.0000010706450637 0.0000000895373176 -0.0000009256561505 -0.0000019567159336 -0.0000029842979381 -0.0000039882171488
-0.0000049477710537 -0.0000058420833906 -0.0000066504780168 -0.0000073528739163 -0.0000079301968213 -0.0000083648083110 -0.0000086409341146 -0.0000087451043010 -0.0000086665828833 -0.0000083977867886 -0.0000079346871748 -0.0000072771784516
-0.0000064294160850 -0.0000054001010784 -0.0000042027113300 -0.0000028556638788 -0.0000013823930985 0.0000001886621320 0.0000018241747135 0.0000034861749885 0.0000051324211828 0.0000067169298683 0.0000081906668782 0.0000095024261843
0.0000105999077764 0.0000114310174069 0.0000119454022712 0.0000120962470133 0.0000118423473472 0.0000111504816741 0.0000099981073774 0.0000083763948001 0.0000062936333082 0.0000037790186239 0.0000008868637716 -0.0000022987618104
-0.0000056589263021 -0.0000090342402989 -0.0000122187487277 -0.0000149532811282 -0.0000169182353718 -0.0000177257605822 -0.0000169113293190 -0.0000139246411330 -0.0000081198612609 0.0000012548572612 0.0000150685847650 0.0000343195980410
-0.0000000002452889 0.0000000224749303 -0.0000000101401344 -0.0000000651634558 -0.0000001200245520 -0.0000001604467426 -0.0000001786536837 -0.0000001718170688 -0.0000001407523855 -0.0000000888202888 -0.0000000210069589 0.0000000568200777
0.0000001385037202 0.0000002180644560 0.0000002900524980 0.0000003497968922 0.0000003935682735 0.0000004186717818 0.0000004234816436 0.0000004074147424 0.0000003708789491 0.0000003151772025 0.0000002423982759 0.0000001552800664
0.0000000570751916 -0.0000000485993533 -0.0000001579014458 -0.0000002669087898 -0.0000003717505574 -0.0000004687271434 -0.0000005544278379 -0.0000006258131009 -0.0000006803105521 -0.0000007158637813 -0.0000007309858412 -0.0000007247917604
-0.0000006970053582 -0.0000006479616063 -0.0000005785866599 -0.0000004903639588 -0.0000003853029048 -0.0000002658688485 -0.0000001349264423 0.0000000043364125 0.0000001484814130 0.0000002939076365 0.0000004369391826 0.0000005739038847
0.0000007012274691 0.0000008155115095 0.0000009136155963 0.0000009927288888 0.0000010504398215 0.0000010847959627 0.0000010943464148 0.0000010781889744 0.0000010359985453 0.0000009680372644 0.0000008751706513 0.0000007588529467
0.0000006211057605 0.0000004645025844 0.0000002921082543 0.0000001074356062 -0.0000000856205664 -0.0000002828530237 -0.0000004798328927 -0.0000006719867264 -0.0000008547032592 -0.0000010234153886 -0.0000011737226349 -0.0000013014741106
-0.0000014028828766 -0.0000014746164424 -0.0000015138895790 -0.0000015185582913 -0.0000014871931939 -0.0000014191417574 -0.0000013145911699 -0.0000011746015731 -0.0000010011340988 -0.0000007970497263 -0.0000005661096535 -0.0000003129209049
-0.0000000429005922 0.0000002378101259 0.0000005224449597 0.0000008037322563 0.0000010740368705 0.0000013255289538 0.0000015503650336 0.0000017408883971 0.0000018898449107 0.0000019906204849 0.0000020374681073 0.0000020257566626
0.0000019522107044 0.0000018151480943 0.0000016146932916 0.0000013529919719 0.0000010343610909 0.0000006654460858 0.0000002552820529 -0.0000001846720612 -0.0000006405853558 -0.0000010964032460 -0.0000015340744564 -0.0000019339201605
-0.0000022751277879 -0.0000025363895730 -0.0000026967454517 -0.0000027365758123 -0.0000026388688935 -0.0000023906805939 -0.0000019848892035 -0.0000014222461113 -0.0000007137500822 0.0000001166431884 0.0000010288786282 0.0000019632885582
0.0000028365872377 0.0000035373746452 0.0000039211295700 0.0000038046045990 0.0000029596076045 0.0000011061284533 -0.0000020952358109 -0.0000070516371092 -0.0000000000605195 0.0000000025480664 -0.0000000066366966 -0.0000000184982856
-0.0000000274853134 -0.0000000309077207 -0.0000000279274078 -0.0000000190670959 -0.0000000056549038 0.0000000105605997 0.0000000276983249 0.0000000439344610 0.0000000577027080 0.0000000677390394 0.0000000731638217 0.0000000734910081
0.0000000686087819 0.0000000587661301 0.0000000444805378 0.0000000265325095 0.0000000059057279 -0.0000000163412148 -0.0000000390566433 -0.0000000611058069 -0.0000000814034571 -0.0000000989585798 -0.0000001129129675 -0.0000001225880465
-0.0000001274832321 -0.0000001273042699 -0.0000001219346874 -0.0000001114977593 -0.0000000962813534 -0.0000000767687153 -0.0000000535831638 -0.0000000274973579 0.0000000006265268 0.0000000298497185 0.0000000591886528 0.0000000876607090
0.0000001142820081 0.0000001381391887 0.0000001584026725 0.0000001743272601 0.0000001853139569 0.0000001909027373 0.0000001907763091 0.0000001848082021 0.0000001730205220 0.0000001556411849 0.0000001330377465 0.0000001057246489
0.0000000744019663 0.0000000398679885 0.0000000030441079 -0.0000000350840640 -0.0000000734304413 -0.0000001109461089 -0.0000001465030018 -0.0000001790470799 -0.0000002075669172 -0.0000002311496978 -0.0000002489616577 -0.0000002603402787
-0.0000002647599571 -0.0000002618775130 -0.0000002515428393 -0.0000002337890640 -0.0000002088885990 -0.0000001772810472 -0.0000001396581479 -0.0000000968605903 -0.0000000499274571 -0.0000000000347691 0.0000000514811198 0.0000001032019969
0.0000001536243889 0.0000002012598870 0.0000002445590293 0.0000002821101527 0.0000003125273754 0.0000003346190948 0.0000003473442201 0.0000003499041974 0.0000003417726298 0.0000003226868872 0.0000002927427214 0.0000002523781019
0.0000002023685447 0.0000001438687967 0.0000000783739242 0.0000000077172651 -0.0000000659729321 -0.0000001402978500 -0.0000002126316876 -0.0000002802807533 -0.0000003404588237 -0.0000003903929154 -0.0000004275206402 -0.0000004494726261
-0.0000004543164474 -0.0000004405772422 -0.0000004074355230 -0.0000003547703516 -0.0000002833771396 -0.0000001949530689 -0.0000000922242055 0.0000000210256917 0.0000001399525023 0.0000002586988190 0.0000003705204753 0.0000004679725194
0.0000005431690249 0.0000005881823461 0.0000005955803161 0.0000005590690899 0.0000004742729138 0.0000003398203287 0.0000001585247161 -0.0000000611096431 -0.0000003031689684 -0.0000005422148494 -0.0000007409662188 -0.0000008474467349
-0.0000007917551426 -0.0000004825297912 0.0000001973905751 0.0000013956105105 0.0000000004422036 -0.0000000004264955 0.0000000017525982 0.0000000039270901 0.0000000049885668 0.0000000045204338 0.0000000027342830 -0.0000000000549800
-0.0000000033879756 -0.0000000066547912 -0.0000000094214970 -0.0000000113729619 -0.0000000122077513 -0.0000000118733455 -0.0000000103513009 -0.0000000077255895 -0.0000000042653329 -0.0000000001372969 0.0000000042418068 0.0000000086405728
0.0000000127402547 0.0000000162671344 0.0000000189813195 0.0000000207345708 0.0000000213375441 0.0000000208050426 0.0000000191300113 0.0000000163446575 0.0000000125737709 0.0000000080116357 0.0000000028548622 -0.0000000026903801
-0.0000000083300754 -0.0000000138640026 -0.0000000189898020 -0.0000000235252588 -0.0000000272504762 -0.0000000299724813 -0.0000000315612341 -0.0000000319734808 -0.0000000311120944 -0.0000000289990584 -0.0000000256675558 -0.0000000212408895
-0.0000000158703954 -0.0000000096858535 -0.0000000029447468 0.0000000041434910 0.0000000113361586 0.0000000183675620 0.0000000249420045 0.0000000308955155 0.0000000359808332 0.0000000399601928 0.0000000426850780 0.0000000440501404
0.0000000439006568 0.0000000422900500 0.0000000391893885 0.0000000346309782 0.0000000287877103 0.0000000217290205 0.0000000137623950 0.0000000050645008 -0.0000000040756545 -0.0000000133720677 -0.0000000225333409 -0.0000000312084578
-0.0000000390981950 -0.0000000459735095 -0.0000000514928136 -0.0000000554446300 -0.0000000576111637 -0.0000000579011936 -0.0000000562458148 -0.0000000525743807 -0.0000000469656024 -0.0000000395098799 -0.0000000304621057 -0.0000000200367351
-0.0000000085039003 0.0000000037069675 0.0000000162250739 0.0000000285611090 0.0000000402795727 0.0000000509048618 0.0000000600294239 0.0000000671334571 0.0000000719910338 0.0000000741516578 0.0000000734744199 0.0000000697781911
0.0000000630973245 0.0000000535082595 0.0000000412646057 0.0000000267323801 0.0000000103798919 -0.0000000071238968 -0.0000000250398619 -0.0000000426217496 -0.0000000589553870 -0.0000000731174372 -0.0000000843218495 -0.0000000915476802
-0.0000000943030568 -0.0000000919207640 -0.0000000840655379 -0.0000000707011564 -0.0000000521201670 -0.0000000290686311 -0.0000000024884637 0.0000000261139882 0.0000000548135266 0.0000000813042370 0.0000001031569389 0.0000001176479972
0.0000001221388535 0.0000001143635321 0.0000000927630093 0.0000000569543551 0.0000000084302880 -0.0000000488723792 -0.0000001073126545 -0.0000001547960680 -0.0000001729238638 -0.0000001358893716 -0.0000000080440413 0.0000002581515748
