0.7112471871252657 0.7208269543688177 0.7303272310868647 0.7397449026801000 0.7490768756936724 0.7583200790781133 0.7674714654424778 0.7765280122991258 0.7854867232995813 0.7943446294609103 0.8030987903820613 0.8117462954496159
0.8202842650324046 0.8287098516644402 0.8370202412156379 0.8452126540497826 0.8532843461692264 0.8612326103457841 0.8690547772373188 0.8767482164895104 0.8843103378222981 0.8917385921005071 0.8990304723881707 0.9061835149860631
0.9131953004519737 0.9200634546032553 0.9267856495011859 0.9333596044166990 0.9397830867770360 0.9460539130928921 0.9521699498656291 0.9581291144741394 0.9639293760409584 0.9695687562772259 0.9750453303061107 0.9803572274643212
0.9855026320813347 0.9904797842359892 0.9952869804900878 0.9999225745986865 1.0043849781967291 1.0086726614617241 1.0127841537521565 1.0167180442213364 1.0204729824064140 1.0240476787922801 1.0274409053500964 1.0306514960502142
1.0336783473492384 1.0365204186510175 1.0391767327413466 1.0416463761961863 1.0439284997632081 1.0460223187164883 1.0479271131841965 1.0496422284491207 1.0511670752218927 1.0525011298867921 1.0536439347200108 1.0545950980802852
1.0553542945718024 1.0559212651793082 1.0562958173753589 1.0564778251996607 1.0564672293104709 1.0562640370080245 1.0558683222299923 1.0552802255189586 1.0544999539619433 1.0535277811019921 1.0523640468218793 1.0510091571999771
1.0494635843383546 1.0477278661631928 1.0458026061976027 1.0436884733069527 1.0413862014168291 1.0388965892037503 1.0362204997587858 1.0333588602242312 1.0303126614035112 1.0270829573444860 1.0236708648963555 1.0200775632403696
1.0163042933945519 1.0123523576926772 1.0082231192377338 1.0039180013301241 0.9994384868708740 0.9947861177401135 0.9899624941511289 0.9849692739802732 0.9798081720730465 0.9744809595266694 0.9689894629494738 0.9633355636974533
0.9575211970883285 0.9515483515934811 0.9454190680081328 0.9391354386001509 0.9326996062378665 0.9261137634973092 0.9193801517492697 0.9125010602266012 0.9054788250721955 0.8983158283680676 0.8910144971459885 0.8835773023801254
0.8760067579621486 0.8683054196592691 0.8604758840556931 0.8525207874779655 0.8444428049047014 0.8362446488612015 0.8279290682994519 0.8194988474640252 0.8109568047443944 0.8023057915141855 0.7935486909578968 0.7846884168856152
0.7757279125362770 0.7666701493700050 0.7575181258500821 0.7482748662151058 0.7389434192418852 0.7295268569996385 0.7200282735960583 0.7104507839158073 1.0471579289643156 1.0388428871897055 1.0301814739989130 1.0211759315351625
1.0118286435508206 1.0021421345722041 0.9921190690003442 0.9817622501480507 0.9710746192136960 0.9600592541921375 0.9487193687232406 0.9370583108785006 0.9250795618862716 0.9127867347961675 0.9001835730832020 0.8872739491922861
0.8740618630237138 0.8605514403603104 0.8467469312369276 0.8326527082530211 0.8182732648290455 0.8036132134074596 0.7886772835991335 0.7734703202759967 0.7579972816107781 0.7422632370647251 0.7262733653242052 0.7100329521871264
0.6935473884001286 0.6768221674475328 0.6598628832930444 0.6426752280752468 0.6252649897579231 0.6076380497362908 0.5898003804002313 0.5717580426556324 0.5535171834049767 0.5350840329883334 0.5164649025859188 0.4976661815834242
0.4786943349013211 0.4595559002893608 0.4402574855875292 0.4208057659547022 0.4012074810662863 0.3814694322821317 0.3615984797860286 0.3416015396980986 0.3214855811614208 0.3012576234042336 0.2809247327790713 0.2604940197802045
0.2399726360407576 0.2193677713109003 0.1986866504185041 0.1779365302136735 0.1571246964985655 0.1362584609439171 0.1153451579937101 0.0943921417594073 0.0734067829051956 0.0523964655256807 0.0313685840174812 0.0103305399461677
-0.0107102610899974 -0.0317464125980709 -0.0527705103287326 -0.0737751554134295 -0.0947529574989089 -0.1156965378776859 -0.1365985326129959 -0.1574515956567874 -0.1782484019593063 -0.1989816505688389 -0.2196440677201728 -0.2402284099103489
-0.2607274669602843 -0.2811340650608454 -0.3014410698019653 -0.3216413891834075 -0.3417279766057800 -0.3616938338404251 -0.3815320139768073 -0.4012356243460442 -0.4207978294192291 -0.4402118536792147 -0.4594709844645275 -0.4785685747841087
-0.4974980461015869 -0.5162528910878012 -0.5348266763403061 -0.5532130450686228 -0.5714057197439891 -0.5893985047124024 -0.6071852887697614 -0.6247600476979234 -0.6421168467605197 -0.6592498431573944 -0.6761532884365393 -0.6928215308624369
-0.7092490177397230 -0.7254302976911279 -0.7413600228886480 -0.7570329512369493 -0.7724439485080116 -0.7875879904260483 -0.8024601647017676 -0.8170556730150572 -0.8313698329452051 -0.8453980798477899 -0.8591359686774102 -0.8725791757554301
-0.8857235004819691 -0.8985648669913674 -0.9110993257504053 -0.9233230550985656 -0.9352323627296740 -0.9468236871142636 -0.9580935988620510 -0.9690388020239350 -0.9796561353329557 -0.9899425733836911 -0.9998952277495840 -1.0095113480377367
-1.0187883228807282 -1.0277236808650496 -1.0363150913957764 -1.0445603654971307 0.7048673205382749 0.6775634026647972 0.6503731383113639 0.6233099213423663 0.5963870805118906 0.5696178729932283 0.5430154779413919 0.5165929900918376
0.4903634133985839 0.4643396547148983 0.4385345175196975 0.4129606956927911 0.3876307673420705 0.3625571886857225 0.3377522879925176 0.3132282595831963 0.2889971578959470 0.2650708916189379 0.2414612178928272 0.2181797365861508
0.1952378846464441 0.1726469305299156 0.1504179687124589 0.1285619142847401 0.1070894976340654 0.0860112592156807 0.0653375444161196 0.0450784985111636 0.0252440617209358 0.0058439643646005 -0.0131122778829140 -0.0316153686297942
-0.0496562352995045 -0.0672260335539699 -0.0843161516055677 -0.1009182144157700 -0.1170240877783411 -0.1326258822850474 -0.1477159571718969 -0.1622869240439878 -0.1763316504771008 -0.1898432634942400 -0.2028151529153791 -0.2152409745787441
-0.2271146534320204 -0.2384303864919401 -0.2491826456707701 -0.2593661804682942 -0.2689760205279373 -0.2780074780557629 -0.2864561501011329 -0.2943179206978913 -0.3015889628650083 -0.3082657404656822 -0.3143450099239776 -0.3198238217981411
-0.3246995222098144 -0.3289697541284366 -0.3326324585101918 -0.3356858752909429 -0.3381285442326587 -0.3399593056229174 -0.3411773008271400 -0.3417819726932862 -0.3417730658088186 -0.3411506266098082 -0.3399150033421396 -0.3380668458748403
-0.3356071053656329 -0.3325370337788927 -0.3288581832562510 -0.3245724053401762 -0.3196818500509236 -0.3141889648173289 -0.3080964932619869 -0.3014074738414360 -0.2941252383420344 -0.2862534102322935 -0.2777959028725034 -0.2687569175825536
-0.2591409415689289 -0.2489527457119265 -0.2381973822142135 -0.2268801821119102 -0.2150067526494583 -0.2025829745195941 -0.1896149989698228 -0.1761092447768499 -0.1620723950904952 -0.1475113941486806 -0.1324334438651439 -0.1168460002915972
-0.1007567699561123 -0.0841737060795767 -0.0671050046721166 -0.0495591005114601 -0.0315446630052553 -0.0130705919394259 0.0058539868852974 0.0252197261264800 0.0450170614804728 0.0652362163679875 0.0858672067224066 0.1068998458784209
0.1283237495585474 0.1501283409550181 0.1723028559045012 0.1948363481530469 0.2177176947086306 0.2409356012786018 0.2644786077893219 0.2883350939852178 0.3124932851044565 0.3369412576283896 0.3616669451018998 0.3866581440217293
0.4119025197898470 0.4373876127288829 0.4631008441566121 0.4890295225164622 0.5151608495609754 0.5414819265851406 0.5679797607064787 0.5946412711887533 0.6214532958061461 0.6484025972447242 0.6754758695380085 0.7026597445334334
0.3048905952266817 0.2788069918846415 0.2535589959564698 0.2291466260298206 0.2055693462004903 0.1828260678434775 0.1609151516942818 0.1398344102390828 0.1195811104123131 0.1001519765999723 0.0815431939468578 0.0637504119657175
0.0467687484461853 0.0305927936611722 0.0152166148682455 0.0006337611033549 -0.0131627317358807 -0.0261803355202886 -0.0384270242357525 -0.0499112680495928 -0.0606420271001146 -0.0706287450128937 -0.0798813421475104 -0.0884102085785842
-0.0962261968151103 -0.1033406142622399 -0.1097652154297865 -0.1155121938918749 -0.1205941740022846 -0.1250242023701786 -0.1288157391010255 -0.1319826488076600 -0.1345391913965505 -0.1365000126344579 -0.1378801345007932 -0.1386949453311006
-0.1389601897571952 -0.1386919584496061 -0.1379066776680765 -0.1366210986259720 -0.1348522866745641 -0.1326176103132324 -0.1299347300317401 -0.1268215869908187 -0.1232963915473902 -0.1193776116308349 -0.1150839609767970 -0.1104343872250916
-0.1054480598883599 -0.1001443581981766 -0.0945428588353905 -0.0886633235515299 -0.0825256866881822 -0.0761500426012859 -0.0695566329973494 -0.0627658341886400 -0.0557981442744423 -0.0486741702555157 -0.0414146150889224 -0.0340402646904291
-0.0265719748917096 -0.0190306583595979 -0.0114372714846791 -0.0038128012464876 0.0038217479373650 0.0114453673708371 0.0190370572405581 0.0265758397710646 0.0340407723668721 0.0414109607340665 0.0486655719741299 0.0557838476427215
0.0627451167661578 0.0695288088083562 0.0761144665810410 0.0824817590900245 0.0886104943104406 0.0944806318838111 0.1000722957299016 0.1053657865663446 0.1103415943290754 0.1149804104866668 0.1192631402417259 0.1231709146125457
0.1266851023883124 0.1297873219511935 0.1324594529587463 0.1346836478801252 0.1364423433796746 0.1377182715415593 0.1384944709291840 0.1387542974732285 0.1384814351822359 0.1376599066697730 0.1362740834922862 0.1343086962918945
0.1317488447384309 0.1285800072651939 0.1247880505929642 0.1203592390369415 0.1152802435914117 0.1095381507870350 0.1031204713158025 0.0960151484188159 0.0882105660321768 0.0796955566864044 0.0704594091549531 0.0604918758474888
0.0497831799437895 0.0383240222642121 0.0261055878728516 0.0131195524096586 -0.0006419118520964 -0.0151861302264433 -0.0305199201167106 -0.0466495858020492 -0.0635809135114589 -0.0813191667881561 -0.0998690821469461 -0.1192348650271175
-0.1394201860432064 -0.1604281775358269 -0.1822614304245871 -0.2049219913649568 -0.2284113602107926 -0.2527304877840287 -0.2778797739529296 -0.3038590660200717 0.1046338693283779 0.0891010814111726 0.0745814703010147 0.0610462419778933
0.0484664634101347 0.0368130872637368 0.0260569765756521 0.0161689293751778 0.0071197032377235 -0.0011199602447106 -0.0085793110919527 -0.0152875666784777 -0.0212738876060676 -0.0265673537216278 -0.0311969402953796 -0.0351914943745352
-0.0385797113274149 -0.0413901115928617 -0.0436510176496305 -0.0453905312203054 -0.0466365107241172 -0.0474165489928737 -0.0477579512640404 -0.0476877134648056 -0.0472325008007966 -0.0464186266628826 -0.0452720318653226 -0.0438182642282514
-0.0420824585173363 -0.0400893167531326 -0.0378630889024866 -0.0354275539640559 -0.0328060014597552 -0.0300212133437096 -0.0270954463399816 -0.0240504147201234 -0.0209072735312501 -0.0176866022851134 -0.0144083891183212 -0.0110920154335524
-0.0077562410313313 -0.0044191897415859 -0.0010983355639268 0.0021895106747493 0.0054282141370739 0.0086023282584646 0.0116971064892416 0.0146985134883198 0.0175932357615485 0.0203686917381361 0.0230130412789182 0.0255151946106059
0.0278648206805069 0.0300523549265672 0.0320690064579568 0.0339067646417671 0.0355584050918000 0.0370174950557650 0.0382783981975780 0.0393362787718670 0.0401871051881196 0.0408276529623237 0.0412555070543275 0.0414690635895055
0.0414675309637271 0.0412509303310041 0.0408200954735452 0.0401766720543933 0.0393231162531287 0.0382626927855688 0.0369994723087488 0.0355383282128380 0.0338849328020719 0.0320457528671041 0.0300280446516059 0.0278398482162980
0.0254899812039745 0.0229880320094592 0.0203443523587909 0.0175700493023288 0.0146769766268016 0.0116777256917136 0.0085856156958674 0.0054146833801116 0.0021796721727989 -0.0011039792152409 -0.0044201487390418 -0.0077520435036622
-0.0110822127763145 -0.0143925615183089 -0.0176643644282984 -0.0208782804880272 -0.0240143680014284 -0.0270521001176413 -0.0299703808281905 -0.0327475614282830 -0.0353614574318700 -0.0377893659298563 -0.0400080833805312 -0.0419939238210460
-0.0437227374884679 -0.0451699298387101 -0.0463104809513443 -0.0471189653081035 -0.0475695719325811 -0.0476361248784573 -0.0472921040533246 -0.0465106663649674 -0.0452646671767685 -0.0435266820586462 -0.0412690288198294 -0.0384637898095007
-0.0350828344712137 -0.0310978421367806 -0.0264803250452197 -0.0212016515721292 -0.0152330696547731 -0.0085457303979958 -0.0011107118459277 0.0071009570955824 0.0161182726010949 0.0259702317475830 0.0366858082317228 0.0482939279980147
0.0608234447932742 0.0743031156631734 0.0887615764065261 0.1042273170030434 -0.0307008618620306 -0.0237252986263768 -0.0174864642621914 -0.0119419201331265 -0.0070503245200914 -0.0027714439382672 0.0009338367261409 0.0041035052597242
0.0067744143458614 0.0089822749675682 0.0107616509869211 0.0121459548981534 0.0131674447505117 0.0138572222361802 0.0142452319377888 0.0143602617291397 0.0142299443219826 0.0138807599509321 0.0133380401876622 0.0126259728749437
0.0117676081700222 0.0107848656863043 0.0096985427214215 0.0085283235590043 0.0072927898307146 0.0060094319244491 0.0046946614237516 0.0033638245628779 0.0020312166811448 0.0007100976596211 -0.0005872916775929 -0.0018497122158602
-0.0030669082752592 -0.0042295884282715 -0.0053294054302317 -0.0063589352833685 -0.0073116554560548 -0.0081819222792068 -0.0089649475426387 -0.0096567743144727 -0.0102542520073786 -0.0107550107158978 -0.0111574348496470 -0.0114606360875786
-0.0116644256790638 -0.0117692861179166 -0.0117763422159890 -0.0116873316032806 -0.0115045746820064 -0.0112309440623131 -0.0108698335078768 -0.0104251264197016 -0.0099011638869633 -0.0093027123339554 -0.0086349307924417 -0.0079033378290077
-0.0071137781572816 -0.0062723889649821 -0.0053855659860987 -0.0044599293485292 -0.0035022892278271 -0.0025196113376258 -0.0015189822875950 -0.0005075748398096 0.0005073869055247 0.0015186623640740 0.0025190293299558 0.0035013188160157
0.0044584498407325 0.0053834641307713 0.0062695607083828 0.0071101303327362 0.0078987897645286 0.0086294158232877 0.0092961792068733 0.0098935780429963 0.0104164711425868 0.0108601109251684 0.0112201759865793 0.0114928032796798
0.0116746198788319 0.0117627742994032 0.0117549673436839 0.0116494824450849 0.0114452154826989 0.0111417040387653 0.0107391560719716 0.0102384779798295 0.0096413020238909 0.0089500130920073 0.0081677747722041 0.0072985547133247
0.0063471492480260 0.0053192072542915 0.0042212532320135 0.0030607095719640 0.0018459179948136 0.0005861601386084 -0.0007083227264779 -0.0020263108764169 -0.0033555882246208 -0.0046829253453535 -0.0059940634478851 -0.0072736993192184
-0.0085054712526407 -0.0096719459785654 -0.0107546066135974 -0.0117338416427484 -0.0125889349493368 -0.0132980569062083 -0.0138382565409414 -0.0141854547876052 -0.0143144388359746 -0.0141988575891955 -0.0138112182393867 -0.0131228839705161
-0.0121040727965354 -0.0107238575422673 -0.0089501669737716 -0.0067497880837786 -0.0040883695373277 -0.0009304262816765 0.0027606546762006 0.0070226073220307 0.0118942785149994 0.0174156186959453 0.0236276714231603 0.0305725617366167
-0.0079554982999077 -0.0053958436818669 -0.0032294434251798 -0.0014205729693696 0.0000645816514560 0.0012579690891582 0.0021897187161047 0.0028881873549480 0.0033800066434421 0.0036901309740905 0.0038418859486799 0.0038570172872668
0.0037557401320152 0.0035567886853897 0.0032774661232976 0.0029336947234998 0.0025400661498509 0.0021098918334108 0.0016552533917041 0.0011870530278392 0.0007150638515510 0.0002479800649064 -0.0002065330444290 -0.0006417893584258
-0.0010520324881964 -0.0014323866930167 -0.0017788082126937 -0.0020880370675363 -0.0023575493781880 -0.0025855102576896 -0.0027707273266080 -0.0029126049018234 -0.0030110989079215 -0.0030666725597279 -0.0030802528633263 -0.0030531879816436
-0.0029872055098943 -0.0028843717050596 -0.0027470517120644 -0.0025778708286128 -0.0023796768490631 -0.0021555035266349 -0.0019085351921157 -0.0016420725653310 -0.0013594997953119 -0.0010642527627192 -0.0007597886772888 -0.0004495570015552
-0.0001369717306535 0.0001746149436968 0.0004819375577660 0.0007818408640360 0.0010713018589096 0.0013474503277388 0.0016075878862810 0.0018492054996326 0.0020699994606558 0.0022678858121718 0.0024410131984244 0.0025877741327875
0.0027068146708114 0.0027970424788744 0.0028576332905469 0.0028880357444170 0.0028879745986979 0.0028574523196558 0.0027967490425656 0.0027064209053945 0.0025872967574448 0.0024404732462697 0.0022673082883904 0.0020694129306054
0.0018486416105809 0.0016070808267415 0.0013470362295067 0.0010710181471302 0.0007817255613192 0.0004820285490912 0.0001749492094531 -0.0001363589057515 -0.0004486328351105 -0.0007585237024555 -0.0010626216384125 -0.0013574821033486
-0.0016396535836622 -0.0019057066332265 -0.0021522642291940 -0.0023760334107850 -0.0025738381677889 -0.0027426535443773 -0.0028796409224820 -0.0029821844475933 -0.0030479285584446 -0.0030748165812983 -0.0030611303474692 -0.0030055307924803
-0.0029070994933381 -0.0027653810995573 -0.0025804266127129 -0.0023528374677204 -0.0020838103686290 -0.0017751828300160 -0.0014294793747869 -0.0010499583379820 -0.0006406592250864 -0.0002064505730905 0.0002469217389503 0.0007127857831791
0.0011834945346436 0.0016503765364275 0.0021036863335735 0.0025325547325498 0.0029249389425950 0.0032675726565699 0.0035459161287124 0.0037441063077168 0.0038449070835367 0.0038296597065692 0.0036782334389343 0.0033689764959819
0.0028786673388419 0.0021824663767564 0.0012538681392048 0.0000646539775251 -0.0014151546443238 -0.0032173422100673 -0.0053755445029682 -0.0079252931899519 -0.0018624742054979 -0.0010578364195821 -0.0004217169612330 0.0000676022495940
0.0004300292023799 0.0006837537007888 0.0008453372713368 0.0009298010323111 0.0009507114768857 0.0009202641278421 0.0008493650253996 0.0007477100108588 0.0006238617758482 0.0004853246448430 0.0003386170677062 0.0001893417975245
0.0000422537351810 -0.0000986745760408 -0.0002301898191604 -0.0003496971440288 -0.0004552017885539 -0.0005452530819274 -0.0006188908310369 -0.0006755940879743 -0.0007152322910893 -0.0007380187722709 -0.0007444666168055 -0.0007353468624417
-0.0007116490176357 -0.0006745438805249 -0.0006253486321375 -0.0005654941793516 -0.0004964947169129 -0.0004199194768715 -0.0003373666304692 -0.0002504393046666 -0.0001607236740741 -0.0000697690849105 0.0000209298337617 0.0001099491186600
0.0001959495305864 0.0002776887746470 0.0003540319360991 0.0004239601881118 0.0004865778302849 0.0005411177172082 0.0005869451398021 0.0006235602233588 0.0006505989077503 0.0006678325765530 0.0006751664056900 0.0006726364991989
0.0006604058866666 0.0006387594533549 0.0006080978780697 0.0005689306543238 0.0005218682702755 0.0004676136264325 0.0004069527677495 0.0003407450098334 0.0002699125394766 0.0001954295685135 0.0001183111233153 0.0000396015497976
-0.0000396371838286 -0.0001183373052447 -0.0001954370942625 -0.0002698926973404 -0.0003406898161238 -0.0004068551907636 -0.0004674677941460 -0.0005216696579981 -0.0005686762499706 -0.0006077863197534 -0.0006383911380028 -0.0006599830459391
-0.0006721632410295 -0.0006746487179629 -0.0006672782935277 -0.0006500176352662 -0.0006229632247543 -0.0005863451805433 -0.0005405288690978 -0.0004860152358426 -0.0004234397870636 -0.0003535701558365 -0.0002773021867623 -0.0001956544781945
-0.0001097613173011 -0.0000208639517056 0.0000696998620529 0.0001605080873048 0.0002500684675111 0.0003368344690812 0.0004192231540503 0.0004956350318498 0.0005644759317105 0.0006241809392952 0.0006732404347006 0.0007102282713833
0.0007338321253533 0.0007428860518045 0.0007364052711949 0.0007136232163929 0.0006740308595457 0.0006174183403587 0.0005439189129912 0.0004540552250768 0.0003487879397092 0.0002295667098928 0.0000983835084894 -0.0000421716839333
-0.0001888528326583 -0.0003376974515825 -0.0004839638594403 -0.0006220661031198 -0.0007455065600442 -0.0008468062373589 -0.0009174327884346 -0.0009477262713398 -0.0009268226740711 -0.0008425752380063 -0.0006814736142300 -0.0004285608855850
-0.0000673484988086 0.0004202708531871 0.0010541123517442 0.0018557901259526 -0.0004025059694377 -0.0001779040707777 -0.0000146312545080 0.0000978582833628 0.0001688817275466 0.0002066243867148 0.0002182317560410 0.0002098969508250
0.0001869436153613 0.0001539044054706 0.0001145951440650 0.0000721847528334 0.0000292610712479 -0.0000121073345564 -0.0000503132605405 -0.0000841567342820 -0.0001127945580055 -0.0001356934018890 -0.0001525863372964 -0.0001634326855683
-0.0001683810671343 -0.0001677355269329 -0.0001619246219419 -0.0001514733394125 -0.0001369777348009 -0.0001190821609182 -0.0000984589697785 -0.0000757905664840 -0.0000517536928209 -0.0000270058211637 -0.0000021735424546 0.0000221571746732
0.0000454489665757 0.0000672194150915 0.0000870458618629 0.0001045688069256 0.0001194940022379 0.0001315933483528 0.0001407047036845 0.0001467307050529 0.0001496367055195 0.0001494479272902 0.0001462459256308 0.0001401644582261
0.0001313848505929 0.0001201309439213 0.0001066637116608 0.0000912756270011 0.0000742848526822 0.0000560293363882 0.0000368608753641 0.0000171392229975 -0.0000027737063180 -0.0000225194681976 -0.0000417485020345 -0.0000601252776409
-0.0000773331248571 -0.0000930787045969 -0.0001070960806507 -0.0001191503595838 -0.0001290408650688 -0.0001366038256497 -0.0001417145446226 -0.0001442890462974 -0.0001442851767215 -0.0001417031534986 -0.0001365855591004 -0.0001290167795248
-0.0001191218919911 -0.0001070650101148 -0.0000930470988377 -0.0000773032823374 -0.0000600996576302 -0.0000417296511847 -0.0000225099390457 -0.0000027759739985 0.0000171228472204 0.0000368283293207 0.0000559788909255 0.0000742151917319
0.0000911859210977 0.0001065536832018 0.0001200009231134 0.0001312358184567 0.0001399980743272 0.0001460645428259 0.0001492545853823 0.0001494351103665 0.0001465251829839 0.0001405001394294 0.0001313950981660 0.0001193077881844
0.0001044005885024 0.0000869016874538 0.0000671052554080 0.0000453705297700 0.0000221197080608 -0.0000021654635199 -0.0000269485085526 -0.0000516445688090 -0.0000756283783510 -0.0000982439985891 -0.0001188164117027 -0.0001366651020763
-0.0001511197380369 -0.0001615380693365 -0.0001673261745202 -0.0001679611530399 -0.0001630164098937 -0.0001521896320710 -0.0001353335848217 -0.0001124898509196 -0.0000839256240905 -0.0000501736839755 -0.0000120756604869 0.0000291712852613
0.0000719642551557 0.0001142407660045 0.0001534211488729 0.0001863470807830 0.0002092161473014 0.0002175123184394 0.0002059322470979 0.0001683072744918 0.0000975210559997 -0.0000145773004789 -0.0001772646657135 -0.0004010399885745
-0.0000825851957732 -0.0000247998136340 0.0000130752015506 0.0000354244829494 0.0000459601918504 0.0000477955074473 0.0000435124331947 0.0000352243353767 0.0000246334559854 0.0000130836293239 0.0000016084794798 -0.0000090246898767
-0.0000182750571134 -0.0000257922701585 -0.0000313840422076 -0.0000349871186950 -0.0000366414251115 -0.0000364671624684 -0.0000346446884427 -0.0000313969315529 -0.0000269742121383 -0.0000216412444571 -0.0000156661611906 -0.0000093113965217
-0.0000028262528155 0.0000035589901986 0.0000096375914441 0.0000152296003624 0.0000201840173492 0.0000243799614630 0.0000277269818631 0.0000301646183953 0.0000316613356962 0.0000322129020889 0.0000318403552126 0.0000305875846681
0.0000285186734383 0.0000257150242646 0.0000222723745277 0.0000182977439873 0.0000139063861078 0.0000092187836960 0.0000043577506436 -0.0000005543461479 -0.0000053981683902 -0.0000100598046560 -0.0000144329339668 -0.0000184207239817
-0.0000219374912128 -0.0000249100592214 -0.0000272788408854 -0.0000289986392598 -0.0000300391470153 -0.0000303851706640 -0.0000300365741005 -0.0000290079611027 -0.0000273280961600 -0.0000250390994416 -0.0000221954073311 -0.0000188625596406
-0.0000151157832276 -0.0000110384496287 -0.0000067203859835 -0.0000022561049380 0.0000022570535214 0.0000067207976517 0.0000110378098464 0.0000151136217328 0.0000188584734883 0.0000221890792845 0.0000250303112862 0.0000273167513620
0.0000289940806107 0.0000300203173773 0.0000303668221437 0.0000300191285218 0.0000289774918000 0.0000272572186695 0.0000248887087823 0.0000219172404171 0.0000184024458537 0.0000144175234908 0.0000100481529629 0.0000053911235733
0.0000005526839980 -0.0000043533650916 -0.0000092078260553 -0.0000138885058616 -0.0000182727984258 -0.0000222404455138 -0.0000256764465937 -0.0000284740434190 -0.0000305377733108 -0.0000317864978808 -0.0000321563919807 -0.0000316038056003
-0.0000301079014549 -0.0000276730700399 -0.0000243309582599 -0.0000201420538699 -0.0000151967784586 -0.0000096158824190 -0.0000035501441188 0.0000028208052933 0.0000092906540729 0.0000156296536785 0.0000215891355369 0.0000269073892254
0.0000313170783520 0.0000345543507525 0.0000363697626485 0.0000365412462379 0.0000348892492420 0.0000312942273395 0.0000257167247372 0.0000182201663954 0.0000089965993707 -0.0000016043937696 -0.0000130434386627 -0.0000245555370360
-0.0000351104089336 -0.0000433688354491 -0.0000476347253423 -0.0000458026650565 -0.0000353007358678 -0.0000130283459240 0.0000247112137975 0.0000822836978615 -0.0000160800555203 -0.0000023028705292 0.0000056366850328 0.0000093350123044
0.0000100794592561 0.0000088917494009 0.0000065675219756 0.0000037114856733 0.0000007686409287 -0.0000019480700174 -0.0000042334588689 -0.0000059688845329 -0.0000071037473006 -0.0000076395741742 -0.0000076164507247 -0.0000071014634281
-0.0000061791018338 -0.0000049432810207 -0.0000034909289216 -0.0000019168506502 -0.0000003098318592 0.0000012502946144 0.0000026946373243 0.0000039665026087 0.0000050219949695 0.0000058300837663 0.0000063722092284 0.0000066415238512
0.0000066418898386 0.0000063866816211 0.0000058973692844 0.0000052021124272 0.0000043342510794 0.0000033308315699 0.0000022311791636 0.0000010755261027 -0.0000000962411460 -0.0000012457494692 -0.0000023371157354 -0.0000033378505436
-0.0000042195479268 -0.0000049584755898 -0.0000055359262796 -0.0000059385506523 -0.0000061584091453 -0.0000061929562358 -0.0000060448957369 -0.0000057218710169 -0.0000052361450651 -0.0000046040447519 -0.0000038455073439 -0.0000029833803121
-0.0000020428285600 -0.0000010506173909 -0.0000000344187569 0.0000009778932250 0.0000019589471651 0.0000028825104291 0.0000037241319985 0.0000044617122477 0.0000050760356452 0.0000055511289473 0.0000058747519949 0.0000060385614624
0.0000060383596264 0.0000058741508410 0.0000055501669286 0.0000050747820700 0.0000044602968294 0.0000037226457412 0.0000028811040920 0.0000019577631441 0.0000009770807975 -0.0000000347223517 -0.0000010502736920 -0.0000020417219754
-0.0000029814314998 -0.0000038426456785 -0.0000046002553243 -0.0000052314492968 -0.0000057163419648 -0.0000060386329102 -0.0000061861121466 -0.0000061511770301 -0.0000059311707126 -0.0000055286505096 -0.0000049515953839 -0.0000042133796949
-0.0000033326880448 -0.0000023332542004 -0.0000012434660136 -0.0000000957731044 0.0000010739999678 0.0000022275311177 0.0000033250124584 0.0000043263056516 0.0000051921809480 0.0000058856752058 0.0000063735799190 0.0000066277890754
0.0000066269645868 0.0000063578059536 0.0000058164941311 0.0000050099220865 0.0000039566370692 0.0000026876755033 0.0000012468302935 -0.0000003093211471 -0.0000019120177012 -0.0000034816668729 -0.0000049297252971 -0.0000061616914186
-0.0000070809346475 -0.0000075939030865 -0.0000076164265186 -0.0000070817235127 -0.0000059499498865 -0.0000042196732610 -0.0000019414502146 0.0000007663305351 0.0000036991476365 0.0000065450637932 0.0000088606832114 0.0000100435362345
0.0000093010674613 0.0000056157233131 -0.0000022943493520 -0.0000160189458897 0.0000029261658471 -0.0000000886115894 -0.0000015621194316 -0.0000020065145624 -0.0000018122767445 -0.0000012691948515 -0.0000005854472102 0.0000000961772289
0.0000006844144854 0.0000011277087710 0.0000014044195894 0.0000015145910618 0.0000014732587248 0.0000013050740427 0.0000010398267733 0.0000007092249572 0.0000003443893510 -0.0000000261905412 -0.0000003775696040 -0.0000006894580702
-0.0000009463336165 -0.0000011376412294 -0.0000012574978037 -0.0000013044262380 -0.0000012807038064 -0.0000011919265927 -0.0000010462695009 -0.0000008538609915 -0.0000006260525998 -0.0000003750047977 -0.0000001129759310 0.0000001482158131
0.0000003974538268 0.0000006248776731 0.0000008219668240 0.0000009819975474 0.0000010999641194 0.0000011725984262 0.0000011986011481 0.0000011783485935 0.0000011139292546 0.0000010088485296 0.0000008679862708 0.0000006972291853
0.0000005032922560 0.0000002934078879 0.0000000753337086 -0.0000001433881356 -0.0000003552334293 -0.0000005532125913 -0.0000007307813488 -0.0000008823778546 -0.0000010033132504 -0.0000010899555711 -0.0000011397838041 -0.0000011516311562
-0.0000011253829521 -0.0000010621726288 -0.0000009643668428 -0.0000008353153567 -0.0000006792642299 -0.0000005013558555 -0.0000003073625992 -0.0000001035415037 0.0000001036503718 0.0000003074202163 0.0000005013722713 0.0000006791625077
0.0000008351432378 0.0000009641105295 0.0000010617687639 0.0000011248777586 0.0000011510357684 0.0000011391231880 0.0000010891954062 0.0000010025773823 0.0000008816509161 0.0000007301262223 0.0000005526348030 0.0000003548004667
0.0000001431592352 -0.0000000753352139 -0.0000002931938932 -0.0000005027502814 -0.0000006964281186 -0.0000008669176217 -0.0000010074892116 -0.0000011123327973 -0.0000011765709302 -0.0000011967249979 -0.0000011707033206 -0.0000010981160525
-0.0000009802782764 -0.0000008204449041 -0.0000006236145057 -0.0000003965524660 -0.0000001478437115 0.0000001127921315 0.0000003742837748 0.0000006247842013 0.0000008520038042 0.0000010439451624 0.0000011891487606 0.0000012776584875
0.0000013011863773 0.0000012542895135 0.0000011346165849 0.0000009438081919 0.0000006875270716 0.0000003764279576 0.0000000259886383 -0.0000003434122576 -0.0000007072302482 -0.0000010367459258 -0.0000013010634479 -0.0000014686616407
-0.0000015097026196 -0.0000013998007210 -0.0000011239264115 -0.0000006820159370 -0.0000000957341256 0.0000005834770963 0.0000012646986926 0.0000018056702939 0.0000019990319032 0.0000015561646585 0.0000000883502913 -0.0000029148600753
