-0.6264047238718579 -0.7666736164869552 0.7770162450197550 0.4174279580267474 -0.2601398341160445 -0.7365253134466077 0.7215648078115667 0.7137589096053957 0.1985964520115250 -0.4699296545493867 -0.7819390984437050 0.7775130981716815
0.5868361134120697 -0.0395621858291916 -0.6348367391080468 -0.7639011937899592 0.7750506247655993 0.4051149326253758 -0.2737972878407423 -0.7411469938467674 0.7264090055446241 0.7078264838631896 0.1844822737705673 -0.4813746962002337
-0.7825987186677474 0.7791261079276008 0.5772519920129984 -0.0541105156194679 -0.6430511145873373 -0.7609258048482243 0.7728446167955473 0.3926573461443836 -0.2873556981475998 -0.7455278571254292 0.7310810109035132 0.7016588063894419
0.1703013654270545 -0.4926492191674612 -0.7830240826614844 0.7805202653396616 0.5674672111207488 -0.0686389759571539 -0.6510456147609902 -0.7577501998749496 0.7703976837454187 0.3800594704371504 -0.3008102579977067 -0.7496674564556238
0.7355774250297708 0.6952571519112518 0.1560588384190194 -0.5037495246436887 -0.7832165155938794 0.7816934694117341 0.5574847546918276 -0.0831422854064444 -0.6588181081283957 -0.7543772086102631 0.7677093961688697 0.3673256454527047
-0.3141562110116699 -0.7535654555539106 0.7398949136148788 0.6886229043461021 0.1417598343228623 -0.5146719978289652 -0.7831774437995088 0.7826437119188818 0.5473077012780375 -0.0976151748622813 -0.6663665680836959 -0.7508097385691255
0.7647794330674863 0.3544602771732779 -0.3273888537635612 -0.7572216285569330 0.7440302088886371 0.6817575563618471 0.1274095223449052 -0.5254131095917870 -0.7829083937287312 0.7833690787538417 0.5369392226612277 -0.1120523901299748
-0.6736890737052281 -0.7470507732520251 0.7616075823636241 0.3414678355151037 -0.3405035380454445 -0.7606358598390095 0.7479801115771259 0.6746627088777568 0.1130130967974529 -0.5359694180829816 -0.7824109908463992 0.7838677512259348
0.5263825824364734 -0.1264486944965955 -0.6807838104872621 -0.7431033703194760 0.7581937413156601 0.3283528521940383 -0.3534956731012825 -0.7638081437710144 0.7517414928291851 0.6673400705068648 0.0985757745612084 -0.5463375703014439
-0.7816869584798295 0.7841380073116314 0.5156411345450450 -0.1407988712922582 -0.6876490710140032 -0.7389706597314680 0.7545379168752799 0.3151199185563501 -0.3663607278285844 -0.7667385844207214 0.7553112961101735 0.6597914569397626
0.0841027925345418 -0.5565143036106306 -0.7807381166168101 0.7841782228558883 0.5047183217571358 -0.1550977264407821 -0.6942832555751367 -0.7346558418531383 0.4346179901029158 0.1906829455696113 -0.3953795979796076 -0.3227899931960329
0.2099935309728386 0.4348116024268779 -0.0564841596322423 -0.4542840709643141 -0.1580914449316173 0.3574259374569618 0.3462805598729403 -0.2628979389118918 -0.4240828934248738 0.0347902856209276 0.4371427202336747 0.1786194926042284
-0.4014693599115993 -0.3142160126352970 0.2203832291178326 0.4319420447893325 -0.0704576378418576 -0.4549637906463541 -0.1468554586876816 0.3644200195371417 0.3382037502684518 -0.2734618802912099 -0.4195249314750737 0.0466107094340143
0.4393511747650221 0.1663432972543837 -0.4072423252010183 -0.3054278897546128 0.2306181283496499 0.4287427682687574 -0.0842746993542265 -0.4553123071555541 -0.1355222414271627 0.3711566971822189 0.3298360666335882 -0.2837681171708459
-0.4146740083597856 0.0583958909538695 0.4412410385809321 0.1538605344994214 -0.4126961315223975 -0.2964319005878385 0.2406911045176801 0.4252146671582666 -0.0979283541670583 -0.4553304563379941 -0.1240995897484869 0.3776309483034288
0.3211814354057193 -0.2938116497748990 -0.4095340500433485 0.0701377688974580 0.4428101864102211 0.1411774960946542 -0.4178286037189261 -0.2872344453913152 0.2505951310204831 0.4213588298833162 -0.1114117026319892 -0.4550192697896188
-0.1125953535586985 0.3838379081119039 0.3122439498561783 -0.3035876297695944 -0.4041091547727405 0.0818283084119319 0.4440566840058732 0.1283005866988799 -0.4226377552285018 -0.2778420448260264 0.2603232830056663 0.4171765382213710
-0.1247179396600543 -0.4543799743357995 -0.1010174313606276 0.3897728719823581 0.3030278675039357 -0.3130913632856022 -0.3984035906779225 0.0934595059001933 0.4449787892073325 0.1152363199378002 -0.4271217893960909 -0.2682613360653772
0.2698687415067668 0.4126692664044359 -0.1378403588743126 -0.4534139913916827 -0.0893737655100042 0.3954312982181069 0.2935376074316700 -0.3223183138489707 -0.3924217932675748 0.1050233938270580 0.4455749528851493 0.1019913144054794
-0.4312791006714172 -0.2584990688313065 0.2792247975146223 0.4078386801050490 -0.1507723567073842 -0.4521229362036524 -0.0776723374458164 0.4008088107156607 0.2837777475060002 -0.3312641052193726 -0.3861683628220631 0.1165120455026897
0.4458438197675125 0.0885722896065577 -0.4351082756912047 -0.2485621013605560 0.2883848559804355 0.4026866353065142 -0.1635074364411041 -0.4505086169722958 -0.0659211628961221 0.4059012015271437 0.2737530215039989 -0.3399245241331496
-0.3796480616847587 0.1279175798410761 0.4457842291481791 0.0749860618421636 -0.0619105228631562 0.5052134492638709 -0.1788119192995473 0.1028695084152850 -0.0817192259657295 0.0651798357280401 -0.6638716488226657 -0.0041285975402013
0.0572566741488214 -0.1052601540166820 0.2683786643384926 -0.4004949352109894 0.0890414436613040 -0.0183943409623735 -0.0566050589645669 0.5212480483457848 -0.1661577729355372 0.1016168456243366 -0.0847563423658351 0.0755076629990346
-0.6479046140886545 0.0039292181970684 0.0531457669120891 -0.1045700048646945 0.2826491079133995 -0.3850376564687257 0.0919860641335984 -0.0230846560646900 -0.0509867506374000 0.5373152847286079 -0.1537451868440129 0.1001355567424454
-0.0876191504363910 0.0861171712699056 -0.6318850655976823 0.0116793675040949 0.0489309227364320 -0.1036049107985988 0.2970987812171625 -0.3697001312422329 0.0946312816419544 -0.0277311779371922 -0.0450553422416188 0.5534045393968904
-0.1415801862539751 0.0984319844517498 -0.0903001568105485 0.0970040795645167 -0.6158241693810673 0.0191202171947388 0.0446207612066455 -0.1023605985557886 0.3117194800005654 -0.3544916479964072 0.0969799413850903 -0.0323249309578721
-0.0388108540820696 0.5695050924354961 -0.1296685492594003 0.0965126576421833 -0.0927920197561922 0.1081638427786686 -0.5997330336592858 0.0262504122911849 0.0402239808008325 -0.1008330323041976 0.3265028005057147 -0.3394213228701157
0.0990351428346074 -0.0368569832538426 -0.0322535832754400 0.5856061302938540 -0.1180158034148486 0.0943842857546728 -0.0950875554222872 0.1195916541638171 -0.5836227012310498 0.0330688761372977 0.0357493516576833 -0.0990184174806155
0.3414401448723926 -0.3244980937183223 0.1008002365782889 -0.0413184541028978 -0.0253841044135129 0.6016967531315081 -0.1066272225192792 0.0920537529930145 -0.0971797439704478 0.1312824480062982 -0.5675041419247454 0.0395748103066922
0.0312057082917540 -0.0969132044528277 0.3565227266948978 -0.3097307142942191 0.1022788209799523 -0.0457005212979521 -0.0182032700222380 0.6177659822403872 -0.0955078235903561 0.0895281124087358 -0.0990617355872518 0.1432309025004641
-0.5513882451169706 0.0457676943056833 0.0266019422621730 -0.0945140920028422 0.3717415767255828 -0.2951277485743806 0.1034747386582535 -0.0499944284688779 -0.0107122108158468 0.6338027675384689 -0.0846623640310766 0.0868145798631314
-0.1007268563728459 0.1554314428137043 -0.5352858123235421 0.0516472850715808 0.0219469947998114 -0.0918180306286631 0.3870875487207366 -0.2806975652318367 0.1043920727872109 -0.0541914923567029 -0.0029123357460928 0.6497959951292502
0.1051931008319245 -0.0274587636562792 -0.0276465781627916 -0.1038557702787157 0.0763101221147363 0.0613160622637864 0.0162552631798618 -0.0846399097410222 -0.0541680782372514 0.1113630731009273 0.0031662768302322 0.0191714422508041
-0.1146963840668145 0.0159114699886980 0.1034875381982296 -0.0276283501436848 -0.0313004782911787 -0.1018412755331252 0.0794877655751005 0.0578503951614552 0.0189058558860585 -0.0874910660050926 -0.0502480025825154 0.1121550980670764
0.0000342329001930 0.0171130845654422 -0.1151911703603925 0.0202295062400679 0.1016367533003913 -0.0275109195543772 -0.0349710980416589 -0.0996794795347775 0.0825479999457822 0.0543346146243693 0.0211820919067830 -0.0902313534372699
-0.0462562647658438 0.1127825285773859 -0.0029892372502042 0.0148711654340666 -0.1155208385060974 0.0245165766393404 0.0996443558603817 -0.0270948471107022 -0.0386489352326676 -0.0973735524159096 0.0854863472350475 0.0507767696797558
0.0230950895858075 -0.0928552726699524 -0.0421986928978003 0.1132445968640724 -0.0058930985422795 0.0124572358297747 -0.1156846086754565 0.0287664422836165 0.0975142435072731 -0.0263685569224799 -0.0423246869089219 -0.0949268795038822
0.0882985075891215 0.0471851435446554 0.0246560782583795 -0.0953576029666902 -0.0380812079634333 0.1135408023276825 -0.0086662056917741 0.0098827806534249 -0.1156819816393942 0.0329729170380935 0.0952506007520740 -0.0253205329894616
-0.0459892561905017 -0.0923430551968781 0.0909803662801257 0.0435682479412368 0.0258763871323823 -0.0977334045937131 -0.0339098152983048 0.1136709148771098 -0.0112973125231493 0.0071592088476749 -0.1155127363940727 0.0371298763072633
0.0928578976700711 -0.0239393302430110 -0.0496337588779964 -0.0896258766404399 0.0935280005181650 0.0399348171526324 0.0267674341763129 -0.0999780209003972 -0.0296905959852478 0.1136349780062971 -0.0137750814498954 0.0042978436580176
-0.1151769275145121 0.0412312657481442 0.0903408882908319 -0.0222135856180470 -0.0532495298090260 -0.0867793372111927 0.0959376860809154 0.0362938018233199 0.0273407150232077 -0.1020870801078991 -0.0254296981801067 0.1134333116040410
-0.0160880931135896 0.0013099130481624 -0.1146748822392055 0.0452711099172075 0.0877046086961250 -0.0201320291462288 -0.0568281289617600 -0.0838076198139911 0.0982059037541392 0.0326543625083935 0.0276077918995430 -0.1040564968054964
-0.0211333283743729 0.1130665144935670 -0.0182248561741985 -0.0017934597226997 -0.1140071972891488 0.0492435208431031 0.0849543748265054 -0.0176834950613881 0.0176386611920073 -0.0199516008724595 -0.0416574595521233 0.0058965691397343
-0.0079795395377605 0.0384463867236155 0.0861738390859025 -0.0310008416649097 0.0062993617924765 -0.0012048745494456 0.0345232106687708 -0.0133458380844465 -0.0080896832086246 -0.0024437513255048 0.0190733147526301 -0.0257440888827677
-0.0418987056465773 0.0063414495885213 -0.0080037096767652 0.0392235392306879 0.0777075585146736 -0.0296890860324573 0.0059211605563417 -0.0002959115155586 0.0327869154938891 -0.0168304199125279 -0.0068365313806437 -0.0030022808178430
0.0205116785498199 -0.0318422986660968 -0.0419903489227558 0.0067276646548139 -0.0079758315080718 0.0399047724516499 0.0695698591313612 -0.0283415804243233 0.0055097541925755 0.0006658165719887 0.0308346210116786 -0.0200561793141938
-0.0056221816758878 -0.0035454012105389 0.0219489343013647 -0.0382501588467112 -0.0419398041032775 0.0070555603443065 -0.0078945036292051 0.0404829887568269 0.0617588508916360 -0.0269642391761266 0.0050677523076696 0.0016786501037077
0.0286593626876859 -0.0230294036594120 -0.0044494160927473 -0.0040701607910769 0.0233800797639586 -0.0449713012541942 -0.0417544655261389 0.0073256620265011 -0.0077584778909000 0.0409510185905465 0.0542722852761065 -0.0255628190955496
0.0045978450127367 0.0027407207051262 0.0262542829046137 -0.0257565396822312 -0.0033208063357808 -0.0045736556978433 0.0247999330992781 -0.0520090490584735 -0.0414416968552374 0.0075386700743589 -0.0075666647741519 0.0413016297573702
0.0471075665611320 -0.0241429136934707 0.0041027955227726 0.0038499504350906 0.0236126430719773 -0.0282441811433918 -0.0022387135490280 -0.0050530376107438 0.0262031375708986 -0.0593664050288418 -0.0410088210083212 0.0076954552533759
-0.0073181385421708 0.0415275369530399 0.0402617632571804 -0.0227099477369201 0.0035854326553355 0.0050040513062922 0.0207278358119616 -0.0304990565417435 -0.0012052883784296 -0.0055055213650871 0.0275841665695618 -0.0670460399304364
-0.0404631103111955 0.0077970538675773 -0.0070121421591945 0.0416214115320028 0.0337316197011899 -0.0212691721271635 0.0030486432391088 0.0062005251311563 0.0175933972093445 -0.0325280168869640 -0.0002224713606832 -0.0059283924781606
0.0289373289640248 -0.0750502810714947 -0.0398117768867212 0.0078446626701600 -0.0066480919683854 0.0415758915030423 0.0275135677897407 -0.0198256591057952 0.0024953644428529 0.0074366636958716 0.0142030191133065 -0.0343380235455869
0.0007080063646131 -0.0063190145780574 0.0302567747741919 -0.0833811010144068 -0.0039065807059394 0.0003806645458671 -0.0062483789938296 0.0111191342332111 -0.0097244792309974 0.0042800111677330 0.0015353798376346 -0.0007302395683199
0.0067960513037517 -0.0102379850945909 0.0059685244097407 -0.0034930571882692 0.0077086611846588 -0.0025598156167473 -0.0033716289833824 -0.0000033378621436 -0.0061429560994703 0.0110888294779747 -0.0099968365507045 0.0046355473872916
0.0015674867419018 -0.0002131910543607 0.0063113466848366 -0.0099965240049631 0.0057637790114868 -0.0038781043490669 0.0081215528697579 -0.0031389430927533 -0.0028317300588980 -0.0003608450264033 -0.0060022512342951 0.0110263341007100
-0.0102399294289941 0.0049635668039141 0.0015186403244842 0.0003130277800020 0.0058082949676171 -0.0097265913062528 0.0055264628746622 -0.0042438179416424 0.0085126862726130 -0.0037088543442641 -0.0022889015228034 -0.0006851158372325
-0.0058270053925846 0.0109318012704437 -0.0104530513107900 0.0052625547909931 0.0013979676342948 0.0008463294079196 0.0052883657427346 -0.0094291110639543 0.0052581182771430 -0.0045872434449119 0.0088806990937457 -0.0042678863177139
-0.0017451904248425 -0.0009690131656076 -0.0056181153771520 0.0108054833038077 -0.0106355857293820 0.0055311044163590 0.0012141772055008 0.0013846213305604 0.0047530773936371 -0.0091051030791755 0.0049605601915063 -0.0049057348138596
0.0092243148743999 -0.0048144071156617 -0.0012026666590923 -0.0012049983997405 -0.0053766237315874 0.0106477302438153 -0.0107870086427705 0.0057679262131781 0.0009755629229735 0.0019258136442555 0.0042039926253415 -0.0087556807590339
0.0046358858372272 -0.0051969453940799 0.0095423459793815 -0.0053468207289696 -0.0006634160909977 -0.0013851263749091 -0.0051037087315812 0.0104589881908273 -0.0109068905420252 0.0059718580478725 0.0006900083224261 0.0024678263696072
0.0036427138915434 -0.0083820486872932 0.0042864840855970 -0.0054588186592575 0.0098336962793959 -0.0058635716872267 -0.0001295334330612 -0.0015010407112038 -0.0048006744489247 0.0102397973923845 -0.0109948983243587 0.0061418750720027
0.0003649913107754 0.0030085965351846 0.0030708787308391 -0.0079854998945960 0.0039150447011680 -0.0056895787875508 0.0100973635330402 -0.0063631496165707 0.0003968851238546 -0.0015439695739455 -0.0044689409014924 0.0099907900988718
-0.0110507969239783 0.0062770997448573 0.0000075892923342 0.0035460850089615 0.0024901550228403 -0.0075674128280939 0.0035245674036349 -0.0058877210931831 0.0103324414693180 -0.0068440936942455 0.0009137495161380 -0.0015047218708127
-0.0020358153720139 0.0023049962700697 -0.0010973372012201 0.0001981289677128 0.0003181910122902 -0.0008495199316597 0.0059874403294422 0.0019446271171067 -0.0003797260033951 -0.0008378570592957 0.0030701841644421 -0.0040276302624888
0.0016609375485086 0.0001679658360253 -0.0020600343539053 0.0017688145318408 -0.0008376161275867 0.0001210919208009 0.0002863024804698 -0.0006613351798404 0.0045839678352450 0.0020160107501753 -0.0003673552470195 -0.0009356087512326
0.0032796013909942 -0.0040118153045614 0.0015727611391620 0.0002048637407726 -0.0020738585572709 0.0011430835782429 -0.0005825238510655 0.0000487652384198 0.0002486521219151 -0.0004611225138644 0.0033137544454580 0.0020737210654939
-0.0003505238949509 -0.0010335806370920 0.0034706822403644 -0.0039558292261753 0.0014807490246683 0.0002395419047147 -0.0020767006583836 0.0004218083796021 -0.0003335735929764 -0.0000185708216500 0.0002052797783440 -0.0002495905946078
0.0021700624324254 0.0021180516220162 -0.0003295367947785 -0.0011311456846375 0.0036401343223882 -0.0038638536234243 0.0013856180953483 0.0002715971331529 -0.0020680111230696 -0.0004011527149290 -0.0000921308150602 -0.0000806756010017
0.0001562643455373 -0.0000275728714442 0.0011462626480632 0.0021493593252925 -0.0003047226057749 -0.0012276542992753 0.0037844839866730 -0.0037398878244748 0.0012880743082302 0.0003006412733239 -0.0020472832217196 -0.0013320815873240
0.0001405824164782 -0.0001373483125600 0.0001017242033356 0.0002039674646510 0.0002358432111510 0.0021680591275480 -0.0002764317451714 -0.0013224370022037 0.0039000753738330 -0.0035877486626665 0.0011888094598338 0.0003263034845491
-0.0020140581328901 -0.0023773933946674 0.0003634828983159 -0.0001884281307001 0.0000418174756329 0.0004439326508649 -0.0005675823932425 0.0021746187846527 -0.0002450342537716 -0.0014148072965015 0.0039830698440535 -0.0034110706552805
0.0010884981398792 0.0003482324443586 -0.0019679301253999 -0.0035436290386110 0.0005756216043668 -0.0002337941031546 -0.0000232578840350 0.0006910856605149 -0.0012702677955480 0.0021695536808641 -0.0002109175891593 -0.0015040647181189
0.0040294457976390 -0.0032133065738942 0.0009877948700809 0.0003660984820904 -0.0019085518082211 -0.0048374470528681 0.0007761788621444 -0.0002733648886426 -0.0000932641852262 0.0009440456641705 -0.0018783267966202 0.0021534217319916
-0.0001744843549140 -0.0015894980683467 0.0040349989021910 -0.0029977283915737 0.0008873314304352 0.0003795956317147 -0.0018356394374318 -0.0062656149014838 0.0002741982744486 -0.0001653228603104 -0.0001546452336182 0.0005844736796056
-0.0006535478566726 0.0004252025801693 -0.0000926859247714 -0.0005090898856957 0.0005289911890608 -0.0003711466866036 -0.0001184319553239 0.0002872662829961 -0.0000192969908037 -0.0001779956449509 0.0003073539238259 -0.0001348947849308
-0.0001940596585850 0.0006065268255210 -0.0006608928109909 0.0004049562190870 -0.0000776190793649 -0.0005019879445324 0.0004981378764825 -0.0003317250899022 -0.0001490718273491 0.0002823549958666 0.0000261221571190 -0.0002234815667436
0.0003380636650414 -0.0001021323823558 -0.0002324892281645 0.0006255116687307 -0.0006648660508863 0.0003817386494363 -0.0000548291669701 -0.0004912839016859 0.0004647521559122 -0.0002908505925398 -0.0001770508026290 0.0002728303084246
0.0000718007641384 -0.0002678084450123 0.0003661281992737 -0.0000678676338093 -0.0002695790033467 0.0006413237407743 -0.0006654515465963 0.0003557453098953 -0.0000263576687663 -0.0004770523170941 0.0004290060338760 -0.0002487621376687
-0.0002019966862762 0.0002588821389492 0.0001174668744369 -0.0003107504366835 0.0003913638950892 -0.0000330900855524 -0.0003049942147690 0.0006538761773992 -0.0006626513649515 0.0003271985094053 0.0000059805922647 -0.0004593911244399
0.0003910834578243 -0.0002057069511652 -0.0002235595823189 0.0002407511933881 0.0001628504981298 -0.0003520888003865 0.0004136042941665 0.0000010411851703 -0.0003384221591264 0.0006631000361340 -0.0006564857644253 0.0002963466473613
0.0000405838565438 -0.0004384204364301 0.0003511793498512 -0.0001619392395924 -0.0002414177890665 0.0002187217488183 0.0002076851154804 -0.0003916130120350 0.0004327015606094 0.0000331852278818 -0.0003695738230283 0.0006689445215279
-0.0006469932008239 0.0002634631978955 0.0000760501819041 -0.0004142812595385 0.0003094985921274 -0.0001177188262058 -0.0002552840725445 0.0001931148280489 0.0002517091337790 -0.0004291218440650 0.0004485278650623 0.0000618065083194
-0.0003981852463320 0.0006713771186050 -0.0006342302426697 0.0002288454486105 0.0001111645569875 -0.0003871341276798 0.0002662549683657 -0.0000733097310477 -0.0002649123224681 0.0001642817581276 0.0002946672890769 -0.0004644244031180
0.0004609766925584 0.0000851618378623 -0.0004240186325300 0.0006703836354150 -0.0006182713953152 0.0001928129825617 0.0001448863806733 -0.0003571576663766 0.0002216700662156 -0.0000289786996973 -0.0002701045959924 0.0001325981123215
0.0003363119889862 -0.0004973411217527 0.0004699640645341 0.0001012869489241 -0.0000511983786261 -0.0002325960723688 -0.0001402327171604 0.0000374808870892 0.0000010732535005 0.0001176013268324 -0.0003616142354179 -0.0000403615719142
-0.0000146329420276 -0.0000709154832214 0.0000567475491664 0.0001580263936547 0.0000798490902533 0.0000079921611063 -0.0000437827224204 -0.0002208971298676 -0.0001445615271634 0.0000326257473539 -0.0000022263966819 0.0001260531501831
-0.0002189299859370 -0.0000290575285485 -0.0000149184849740 -0.0000742205555701 0.0000364857868854 0.0001321401394530 0.0000808871085098 0.0000096501273267 -0.0000356539232631 -0.0001995269986901 -0.0001469577701705 0.0000278202301875
-0.0000058404648004 0.0001335020360916 -0.0000996805111072 -0.0000179364578680 -0.0000148633433513 -0.0000770763584203 0.0000146074224300 0.0001056059425365 0.0000812085859662 0.0000111219171334 -0.0000268545585411 -0.0001669839617475
-0.0001475159497622 0.0000231110110766 -0.0000097442050603 0.0001398049946184 -0.0000015392323036 -0.0000070975807253 -0.0000144848166033 -0.0000794308831905 -0.0000086682646666 0.0000789558913240 0.0000808461058626 0.0000123756097916
-0.0000174362683284 -0.0001216456118741 -0.0001463442376956 0.0000185419029260 -0.0000139087979720 0.0001448216525570 0.0000776778002639 0.0000033683818076 -0.0000138035665221 -0.0000812345154928 -0.0000330713289096 0.0000526533078292
0.0000798370664359 0.0000133814535643 -0.0000074598208684 -0.0000617644033462 -0.0001435620607093 0.0000141535515919 -0.0000183015011849 0.0001484160428787 0.0001400157645951 0.0000133795026708 -0.0000128433699824 -0.0000824406013053
-0.0000582770718408 0.0000270971485683 0.0000782231248996 0.0000141121792389 0.0000030049007697 0.0000145366967762 -0.0001392978331575 0.0000099831679918 -0.0000228858364725 0.0001504585391724 0.0001873850971922 0.0000228628518699
-0.0000116308491829 -0.0000830060164970 -0.0000839018500088 0.0000026263164939 0.0000760496317030 0.0000145432962409 0.0000138789899233 0.0001092684330207 -0.0001336868377141 0.0000060642944378 -0.0000276218130762 0.0001508279356287
0.0002215656793479 0.0000317546096477 -0.0000101951812398 -0.0000828917312878 -0.0001094987845005 -0.0000204761191367 0.0000733650626141 0.0000146533680012 0.0000250746945621 0.0002245793354038 -0.0001268692528476 0.0000024266069549
-0.0000324661873778 0.0001494136756396 0.0002442111439453 0.0000400001015675 -0.0000085677890214 -0.0000820633715342 -0.0001345533825374 -0.0000419788115944 0.0000702204515186 0.0000144242656131 0.0000364956876267 0.0003627596335657
0.0000229944670709 0.0000094013145741 0.0000154949501430 0.0000156162495401 -0.0000284692776293 -0.0000031482687866 0.0000051061602497 -0.0000137656518873 0.0000268254675436 0.0000011143487965 -0.0000126199960130 -0.0000038571164673
-0.0000195834797731 -0.0000095857865174 0.0000227223931829 0.0000088643457736 0.0000149279531454 0.0000177752514413 -0.0000279469957204 -0.0000052349087090 0.0000033362268038 -0.0000156830543912 0.0000255903152849 0.0000035249722021
-0.0000111185449569 -0.0000019442829875 -0.0000179996207531 -0.0000119953532408 0.0000222172813029 0.0000079214595534 0.0000141047834377 0.0000198006780448 -0.0000272024097808 -0.0000072209752588 0.0000012033698616 -0.0000174597186734
0.0000241544652179 0.0000058796807202 -0.0000094405115750 0.0000000576497220 -0.0000162342557483 -0.0000143057967403 0.0000214846915529 0.0000065917345673 0.0000130386442926 0.0000216753423309 -0.0000262421551603 -0.0000090798488416
-0.0000010729522469 -0.0000190753842499 0.0000225294662981 0.0000081570923644 -0.0000076180813290 0.0000020981141056 -0.0000143035233544 -0.0000164987891146 0.0000205326340200 0.0000049151187867 0.0000117459201442 0.0000233833970756
-0.0000250746887140 -0.0000107860660186 -0.0000033177196952 -0.0000205118063450 0.0000207283733300 0.0000103364183768 -0.0000056878487339 0.0000041285612094 -0.0000122249918649 -0.0000185569470194 0.0000193715364016 0.0000029560902657
0.0000102458173270 0.0000249104555044 -0.0000237102261616 -0.0000123156981012 -0.0000053950970548 -0.0000217529050602 0.0000187656387288 0.0000123976558574 -0.0000036904727517 0.0000061032804591 -0.0000100174797032 -0.0000204639708664
0.0000180141939634 0.0000008076865502 0.0000085599765713 0.0000262436983245 -0.0000221606737165 -0.0000136467314718 -0.0000072035665958 -0.0000227848795626 0.0000166569916525 0.0000143217843907 -0.0000016701864540 0.0000079800245771
-0.0000077008696075 -0.0000222047766667 0.0000164756906462 -0.0000014041492662 0.0000067121057585 0.0000273719660001 -0.0000204395383592 -0.0000147594478316 -0.0000086714710924 -0.0000235962929036 0.0000144193114332 0.0000160909457410
0.0000003257914146 0.0000097205419935 -0.0000052959175499 -0.0000237656186983 0.0000147732925553 -0.0000035158419696 0.0000047275733005 0.0000282858414635 -0.0000185618243920 -0.0000156368091184 -0.0000097528710640 -0.0000241781373742
0.0000120704896229 0.0000176886302703 0.0000022480229167 0.0000112909478228 -0.0000028240581589 -0.0000251342020518 0.0000129263114465 -0.0000053210631250 0.0000014927740399 0.0000075777655897 0.0000017840083893 0.0000021618147573
-0.0000005065222684 0.0000037482388375 0.0000163536128684 -0.0000048301055015 -0.0000004039274518 -0.0000028079420966 -0.0000063830403547 0.0000022576292352 0.0000011603164010 0.0000003205073593 0.0000019210973644 0.0000085342818840
0.0000010156816074 0.0000020007136825 -0.0000006881241594 0.0000033386120468 0.0000075415783007 -0.0000046587910844 -0.0000004526560477 -0.0000027612504791 -0.0000065653930676 0.0000033802992455 0.0000014684521284 0.0000003799327672
0.0000023408211580 0.0000090578126309 0.0000002531103593 0.0000018266230160 -0.0000008781983232 0.0000028587298243 0.0000009269854308 -0.0000044331498460 -0.0000004833259621 -0.0000026792922565 -0.0000065964740998 0.0000043215170636
0.0000017443957573 0.0000004283105097 0.0000027456605700 0.0000089935893249 -0.0000004901543550 0.0000016427482338 -0.0000010742637404 0.0000023128067045 -0.0000038393100300 -0.0000041589110613 -0.0000004964257648 -0.0000025612707044
-0.0000064623061017 0.0000050729436252 0.0000019862880286 0.0000004638867811 0.0000031291510253 0.0000081620508210 -0.0000012019728270 0.0000014522613052 -0.0000012736333246 0.0000017065200444 -0.0000070682611153 -0.0000038421621282
-0.0000004927263865 -0.0000024068333961 -0.0000061514966413 0.0000056325286154 0.0000021928155451 0.0000004850987630 0.0000034847886937 0.0000063566424430 -0.0000018716997902 0.0000012582936806 -0.0000014734465653 0.0000010470494998
-0.0000090354772332 -0.0000034892388316 -0.0000004732721483 -0.0000022161193818 -0.0000056559055301 0.0000060034149928 0.0000023631748193 0.0000004906060700 0.0000038060713270 0.0000033412941143 -0.0000024901904050 0.0000010638691610
-0.0000016706916753 0.0000003431035928 -0.0000099839244073 -0.0000031066362573 -0.0000004393520019 -0.0000019897807442 -0.0000049715690640 0.0000061930916045 0.0000024970940050 0.0000004793048429 0.0000040866255259 -0.0000011521036280
-0.0000030498530896 0.0000008718793336 -0.0000018622621193 -0.0000003951055574 -0.0000101264936649 -0.0000027008684481 -0.0000003924766460 -0.0000017290004627 -0.0000040994887474 0.0000062124655192 0.0000025947878633 0.0000004503597973
0.0000043203024044 -0.0000074263533193 -0.0000035445899659 0.0000006850584448 -0.0000020449803362 -0.0000011558720603 -0.0000096484483173 -0.0000022784510785 -0.0000003343549933 -0.0000014354871188 -0.0000030467176064 0.0000060752079746
0.0000026569350445 0.0000004032086980 0.0000045012877382 -0.0000158217570622 -0.0000005954057519 0.0000001210682556 -0.0000003594777828 -0.0000001243016716 0.0000009798672884 0.0000007472132846 0.0000001943751021 -0.0000003316586301
-0.0000011290516641 -0.0000006647721684 -0.0000002800543410 0.0000003708112010 0.0000010012468548 0.0000004551174546 -0.0000005028318557 0.0000001704343900 -0.0000004431056407 -0.0000002422673220 0.0000009171463804 0.0000007528052190
0.0000000829101217 -0.0000002350007396 -0.0000010920765682 -0.0000007444545107 -0.0000003406411743 0.0000004109287395 0.0000010050642138 0.0000005619133526 -0.0000004045625169 0.0000002026106944 -0.0000005199550900 -0.0000003582593948
0.0000008441582793 0.0000007449717177 -0.0000000216816252 -0.0000001330685518 -0.0000010431341421 -0.0000008142963705 -0.0000003893202844 0.0000004370030220 0.0000009958486376 0.0000006621507029 -0.0000003018918285 0.0000002140953626
-0.0000005883643128 -0.0000004708721405 0.0000007617736869 0.0000007239302789 -0.0000001096769356 -0.0000000274585384 -0.0000009827803262 -0.0000008734686198 -0.0000004247118891 0.0000004481250678 0.0000009736813956 0.0000007547142618
-0.0000001963385652 0.0000002020795568 -0.0000006468256541 -0.0000005788088329 0.0000006709585094 0.0000006900810602 -0.0000001751611609 0.0000000802689779 -0.0000009116893183 -0.0000009212002673 -0.0000004458168433 0.0000004439196248
0.0000009388650571 0.0000008385648001 -0.0000000894459912 0.0000001650711081 -0.0000006941808482 -0.0000006807778502 0.0000005727975060 0.0000006441290607 -0.0000002154390217 0.0000001884905764 -0.0000008306617872 -0.0000009569315812
-0.0000004519343423 0.0000004245814554 0.0000008917541713 0.0000009127819902 0.0000000171510032 0.0000001033328641 -0.0000007294427520 -0.0000007755649321 0.0000004684834132 0.0000005870253100 -0.0000002300922649 0.0000002954957374
-0.0000007406179326 -0.0000009801884784 -0.0000004429296096 0.0000003907071325 0.0000008329727970 0.0000009765288154 0.0000001218561486 0.0000000195308570 -0.0000007518412027 -0.0000008621186280 0.0000003592255629 0.0000005199623839
-0.0000002206092787 0.0000003998033192 -0.0000006425548693 -0.0000009907290589 -0.0000004190416290 0.0000003432883437 0.0000007632048169 0.0000010291118593 0.0000002230872360 -0.0000000807893718 -0.0000007609211716 -0.0000009393876441
0.0000002463532721 0.0000004443346516 -0.0000001897981500 0.0000004998169435 -0.0000005375858098 -0.0000009884222942 -0.0000003811552756 0.0000002836898896 0.0000006833145111 0.0000010699326271 0.0000003192767467 -0.0000001881898566
