0.7549805898927308 0.1628367490906304 0.4086646205096120 0.9405728706230025 1.0135588215957170 0.5606481718213174 0.0309257573542315 0.6156807500417683 1.0319998233462038 0.9052789085365717 0.3520681174700507 0.2155231946508106
0.8023881545022256 1.0556575695934629 0.7440138071652879 0.1512658558747289 0.4213809460797456 0.9478833608147577 1.0087701382302272 0.5481844993215705 0.0411792909753318 0.6277997176037453 1.0354318740959103 0.8968502525638527
0.3394597395073341 0.2275895148094536 0.8125754680131160 1.0548084157648385 0.7329190071433132 0.1397970100922049 0.4340998058256945 0.9549788961430545 1.0037401512695834 0.5356733553255326 0.0515704949710291 0.6398387004323456
1.0386109463800028 0.8882287114021685 0.3268854792077110 0.2397309491462918 0.8226057352550943 1.0536978313460592 0.7217008361005030 0.1284341094485919 0.4468162489275286 0.9618564100538809 0.9984710520276839 0.5231197691444728
0.0620961563445201 0.6517927591238930 1.0415356523909522 0.8794179844268467 0.3143500709320929 0.2519431335307703 0.8324747027463320 1.0523263040251523 0.7103639826803195 0.1171809817817829 0.4595253059303160 0.9685129275608929
0.9929651344730239 0.5105287713339896 0.0727529799821114 0.6636569769806467 1.0442047150180631 0.8704218474906981 0.3018582103280462 0.2642216500335180 0.8421781789710932 1.0506944356607644 0.6989131754862844 0.1060413833678250
0.4722219911927781 0.9749455668067762 0.9872247940209383 0.4979053911751771 0.0835375900234437 0.6754264625135843 1.0466169685217330 0.8612441509542299 0.2894145520812183 0.2765620289910112 0.8517120365554426 1.0488029419641531
0.6873531806546882 0.0950189972708355 0.4849013053501824 0.9811515405765624 0.9812525262729109 0.4852546541616575 0.0944465312800863 0.6870963519360989 1.0487713591490413 0.8518888176783784 0.2770237076944096 0.2889597511034806
0.8610722144118295 1.0466526521210391 0.6756887994113522 0.0841174317375362 0.4975582377899269 0.9871281577618125 0.9750509257036504 0.4725815794937320 0.1054762707021315 0.6986618116470933 1.0506669456902462 0.8423598409810301
0.2646902432955226 0.3014102495657192 0.8702547198507401 1.0442445083536063 0.6639248656133276 0.0733402186373710 0.5101877691385943 0.9928728247752160 0.9686226842968899 0.4598911775812241 0.1166231988919262 0.7101180407022378
1.0523028999760122 0.8326612825587577 0.2524186774759475 0.3139089122287997 0.8792556306589320 1.0415795654227751 0.6520662432776420 0.0626908119492590 0.3691674141417923 0.9517969891076900 0.7311130630534988 0.1388104485180030
0.0564924746577723 0.5851281457405282 1.0373925343827046 0.5145030133018158 0.0285315497874888 0.1908173356159036 0.7934639612143090 0.9075274721224346 0.3026952704929934 0.0017067950804031 0.3818170769327319 0.9601663861373287
0.7185055365211969 0.1300170559731678 0.0625601135836188 0.5983339636915824 1.0316579297132495 0.5011655209875510 0.0244169178102099 0.2010596360341454 0.8050727557915304 0.8974799657676434 0.2907907265440834 0.0029317268920536
0.3945617936428261 0.9682786882491064 0.7057925626786480 0.1214735520066105 0.0689170054114964 0.6115033674412043 1.0256264429514030 0.4878539920908029 0.0206156427889239 0.2115068306159343 0.8165194295941847 0.8872183157490950
0.2790391387026367 0.0044825144627322 0.4073938246284408 0.9761288813835318 0.6929818389177483 0.1131850820084519 0.0755592693140861 0.6246283589354545 1.0193018655965420 0.4745764664975513 0.0171299965463910 0.2221525658526623
0.8277970056056307 0.8767487807089779 0.2674475965779956 0.0063581868147716 0.4203053776041248 0.9837121050116851 0.6800811199382360 0.1051566368398231 0.0824828518052517 0.6377009664366075 1.0126881592433561 0.4613409628860974
0.0139620596418403 0.2329903683566111 0.8388986067975144 0.8660777411416043 0.2560230927213792 0.0085575761786068 0.4332886123359212 0.9910236548648831 0.6670982131569784 0.0973930498080545 0.0896835292097924 0.6507132492711003
1.0057894534147003 0.4481554739193027 0.0111137201110647 0.2440136487857270 0.8498174601458234 0.8552116956982560 0.2447725184028775 0.0110793187100505 0.4463356453610962 0.9980589855657261 0.6540409740813304 0.0898989937369392
0.0971569102361975 0.6636573025547384 0.9986100432894915 0.4350279614496594 0.0085866723236124 0.2552157058374558 0.8605469005796806 0.8441572574166029 0.2337026594479992 0.0139218553268982 0.4594385547310679 1.0048137131592232
0.6409173016495888 0.0826789781341641 0.1048984386508205 0.6765252618923939 0.9911543873267465 0.4219663517402907 0.0063824159578662 0.2665897303089947 0.8710803748604690 0.8329211498762799 0.2228201921370605 0.0170834326642451
0.4725893847751350 1.0112836175424249 0.6277351335412424 0.0757373464572021 0.1129033960515446 0.6893093080491286 0.9834271047871938 0.4089785307046571 0.0045022550944904 0.2781288092211225 0.8814114453886068 0.8215102032836877
0.2121316791691167 0.0205621041480887 0.4857801508812579 1.0174646447910078 0.0722463994678013 -0.0989266517076478 -0.0977093358175401 0.2421144037097567 0.2985740977762799 -0.0479960302462818 -0.0390486384195572 -0.0036775131877065
0.3253604931271051 0.1951149106445295 -0.1157352874106290 -0.1179117020862057 0.1259056892711755 0.3442805110207466 0.0642400523986381 -0.0946196467137445 -0.0937940500402738 0.2486415406249620 0.2936972751163162 -0.0540106666589180
-0.0470861901771077 0.0035983443590798 0.3284853951707988 0.1875955949995160 -0.1172920029269742 -0.1191568282970816 0.1339515573743871 0.3431439081685064 0.0562793625030382 -0.0898982980461533 -0.0896061957371401 0.2550067507324142
0.2886113244606298 -0.0598212424710634 -0.0546943241124298 0.0109959193493284 0.3313650308175824 0.1799804452698516 -0.1185109794685037 -0.1200231829402540 0.1419611011170698 0.3417470654420861 0.0483740216972032 -0.0847597598628476
-0.0851540957906359 0.2612032863694428 0.2833215548256700 -0.0654186215754265 -0.0618739548726760 0.0185054946816318 0.3339964435729096 0.1722778328744838 -0.1193855997404653 -0.1205161052408184 0.1499252530729073 0.3400914166400830
0.0405337470541723 -0.0792014628597231 -0.0804462136923731 0.2672245973265340 0.2778334993195571 -0.0707937672718200 -0.0686262883102074 0.0261173343019318 0.3363769347537134 0.1644962645860094 -0.1199094544397800 -0.1206411679041140
0.1578350490050342 0.3381786613566300 0.0327682732374339 -0.0732211172456160 -0.0754911466265421 0.2730643358299936 0.2721529109386460 -0.0759377495393818 -0.0749528194426813 0.0338216908386162 0.3385040655300750 0.1566443760113827
-0.1200763478296548 -0.1204041720999673 0.1656816347546001 0.3360107636935498 0.0250873449101674 -0.0668167155258108 -0.0702976184690590 0.2787163613684410 0.2662857581954813 -0.0808417522439146 -0.0808553302139267 0.0416088132339412
0.3403756587698740 0.1487309249687473 -0.1198803031717942 -0.1198111422936449 0.1734562730390984 0.3335899507721648 0.0175007091257073 -0.0599865350917158 -0.0648744727075131 0.2841747453595198 0.2602382205812284 -0.0854970802752182
-0.0863358870576036 0.0494689543662490 0.3419898006850510 0.1407647847652146 -0.1193155680122106 -0.1188683209273145 0.1811503501551490 0.3309187110459025 0.0100181077043491 -0.0527291406147375 -0.0592306652869666 0.2894337756538641
0.2540166838659990 -0.0898951666091910 -0.0913968382654474 0.0573923786576428 0.3433448422784399 0.1327549373805837 -0.1183766193167672 -0.1175821629559239 0.1887553825815559 0.3279997924147394 0.0026492696024092 -0.0450433862426602
0.0904284790422790 -0.1413988905286266 0.0504074443737058 0.0439352380083783 0.0210138605947592 0.0835411886336211 -0.2691991061430107 0.0947241699659157 0.0094454317321722 0.0603021890301866 0.0073738701043596 -0.0647444246081498
0.0808462438019555 0.0008749976777027 0.0914748838336871 -0.1535628559978884 0.0552479937167873 0.0414361847795466 0.0230731754871268 0.0811426443906368 -0.2546528621393247 0.0952375487684942 0.0080492906055804 0.0627471085519476
0.0000828586908684 -0.0549947341694351 0.0788391565401720 0.0013925970754532 0.0923675056941870 -0.1660202332365712 0.0597885639809276 0.0389627270023575 0.0252012365075105 0.0784795468474395 -0.2403560352224462 0.0955408382648187
0.0067567634719463 0.0651569972263503 -0.0075278847002461 -0.0455648054269687 0.0767463968160192 0.0020278760705107 0.0930987693754488 -0.1787663521564572 0.0640328891976908 0.0365210733254783 0.0273930375211521 0.0755465940028289
-0.2263157468399127 0.0956410135612860 0.0055706633589028 0.0675244600311803 -0.0154591632481004 -0.0364557297013994 0.0745756915111855 0.0027794361499663 0.0936611652565553 -0.1917961724190712 0.0679849633775738 0.0341172705150636
0.0296433753877017 0.0723386995300760 -0.2125387501840273 0.0955451686796805 0.0044935592841004 0.0698420246913640 -0.0237114528135149 -0.0276682506220369 0.0723347311270165 0.0036456241893812 0.0940472588627606 -0.2051042831448702
0.0716490330504563 0.0317571967175810 0.0319468557157006 0.0688510009900267 -0.1990314290144698 0.0952605071650890 0.0035277734658325 0.0721021503269370 -0.0322848971287420 -0.0192027679768612 0.0700311607538014 0.0046245342547846
0.0942497003709958 -0.2186849029389502 0.0750295896275052 0.0294465549253202 0.0342978988393198 0.0650788678930496 -0.1857997968028121 0.0947943326495564 0.0026753788041045 0.0742972362160084 -0.0411793032483535 -0.0110593418370195
0.0676725711346925 0.0057140096802758 0.0942612340934981 -0.2325318802352865 0.0781313615919179 0.0271908666503377 0.0366907460121669 0.0610179096020426 -0.1728494961975154 0.0941540393800958 0.0019381966343507 0.0764196306649616
-0.0503941372664682 -0.0032376969504153 0.0652664898322826 0.0069116454194001 0.0940747079309480 -0.2466386939607747 0.0809593065261261 0.0249954658121978 0.0391194658127047 0.0566639830689153 -0.1601857988083545 0.0933471027196521
0.0013177947556731 0.0784616399780044 -0.0599285203050006 0.0042627726000752 0.0628203725054552 0.0082147906683282 0.0936830827865155 -0.2609984545198216 -0.0203965825096913 0.0038134390718552 -0.0230076385021417 0.0140539160753621
0.0286466637803356 -0.0280440717164200 0.0054586586650750 -0.0278654014718939 0.0367663717167655 0.0022095123948952 -0.0147035173251393 -0.0039946847366960 -0.0115490059052895 0.0421694979322097 -0.0214502191434664 0.0045534100210667
-0.0239010330526683 0.0157185850109027 0.0272722748604167 -0.0277901627405618 0.0059996639356527 -0.0274361364724665 0.0376742437426060 0.0005252743454384 -0.0134327677864907 -0.0052917369921174 -0.0100522813306011 0.0418120909998604
-0.0224367385118341 0.0051800753220329 -0.0247272124411168 0.0173624450634873 0.0258519620282436 -0.0274539425808963 0.0063379057972160 -0.0269251598471588 0.0385132934162994 -0.0011446769613028 -0.0121389072095003 -0.0066113379140197
-0.0085170646921742 0.0413771280410087 -0.0233536493609194 0.0056820470192798 -0.0254830801676627 0.0189818343689533 0.0243888479144385 -0.0270366249604441 0.0064864925478015 -0.0263337987296423 0.0392817226846428 -0.0027964622234287
-0.0108283596275875 -0.0079452819831227 -0.0069470121657026 0.0408655511457510 -0.0241986236316410 0.0060476504584640 -0.0261658510517371 0.0205731570689921 0.0228861566168025 -0.0265397085701782 0.0064582838229516 -0.0256635881033031
0.0399778875678296 -0.0044262267967822 -0.0095078835304916 -0.0092856956768045 -0.0053458429484808 0.0402784673150460 -0.0249695050776487 0.0062649307883003 -0.0267730470044238 0.0221328904497133 0.0213472074689280 -0.0259649825423960
0.0062658823349959 -0.0249162627020838 0.0406003011732828 -0.0060301494928890 -0.0081845717305974 -0.0106250389000156 -0.0037173302628358 0.0396171464289948 -0.0256643177773552 0.0063216598765237 -0.0273024924922256 0.0236575918827619
0.0197754085858323 -0.0253145316444140 0.0059216260192015 -0.0240937487684123 0.0411476364146887 -0.0076044514465394 -0.0068658508356777 -0.0119561060133330 -0.0020652924044842 0.0388830189137898 -0.0262812745287107 0.0062053436379335
-0.0277523097006941 0.0251439055607720 0.0181742501941459 -0.0245907411835054 0.0054375805896933 -0.0231981556795148 0.0416187284330817 -0.0091454050421519 -0.0055594803239948 -0.0132720264618427 -0.0003935838469194 0.0380776731100183
-0.0268187851153925 0.0059032297721484 -0.0281209134066886 0.0265885690193983 0.0165472977547272 -0.0237963016142722 0.0048255325075820 -0.0222317674534023 0.0420125767172475 -0.0106493428879284 -0.0042735512180254 -0.0145662650088143
0.0012939135874324 0.0372028523453251 -0.0272754644331306 0.0054023159082504 -0.0033895424118261 0.0020094326582177 0.0112696529144223 -0.0046438455077858 -0.0027259134173512 0.0058877973016097 -0.0236256306479920 0.0008097376409547
-0.0011529561597066 -0.0056046554407148 0.0140776891764259 0.0116008120648697 -0.0053808707537732 -0.0001525464677071 -0.0030079120687457 -0.0000190533519408 0.0107278251574449 -0.0044525520947432 -0.0029515903609956 0.0065654453092765
-0.0198781840900090 0.0002299414346754 -0.0009813571368489 -0.0056530777199162 0.0141342112812172 0.0122641709100226 -0.0055040319342536 -0.0002305527952819 -0.0025972886416763 -0.0022412764682370 0.0101546417212042 -0.0042517851512769
-0.0031775778481372 0.0072399719841722 -0.0163732043834675 -0.0003284169190855 -0.0008212440053758 -0.0056789233903565 0.0141057112057708 0.0128035571850555 -0.0055993126582498 -0.0003239080221237 -0.0021582898055834 -0.0046645388364660
0.0095547601253125 -0.0040430095243544 -0.0034024892524646 0.0079078157805934 -0.0131038030118401 -0.0008637585666801 -0.0006734582209258 -0.0056810828048911 0.0139858126046676 0.0132258881188732 -0.0056674296052133 -0.0004321309376064
-0.0016916880568373 -0.0072961074589188 0.0089326541233208 -0.0038276892428753 -0.0036249116793609 0.0085652243533368 -0.0100629865342724 -0.0013746780195011 -0.0005387705908225 -0.0056585154229774 0.0137680112164506 0.0135379844080937
-0.0057091919380901 -0.0005546616557675 -0.0011984150094813 -0.0101432004650043 0.0082926115280799 -0.0036072820023037 -0.0038434109545663 0.0092082552376501 -0.0072436715816144 -0.0018599397711332 -0.0004178788389553 -0.0056102559630791
0.0134456823731165 0.0137465614887461 -0.0057254952703161 -0.0006908633584137 -0.0006795654707787 -0.0132129730367946 0.0076387324341517 -0.0033832337731917 -0.0040565367635616 0.0098327769082476 -0.0046386995379767 -0.0023184746614904
-0.0003114054110399 -0.0055354205253297 0.0130120889395628 0.0138582212346273 -0.0057173155801828 -0.0008400242852107 -0.0001364012846153 -0.0165125029996566 0.0069749278312898 -0.0031569735434188 -0.0042628279325591 0.0104344702241969
-0.0022408508962748 -0.0027493759991213 -0.0002198955240474 -0.0054332126721017 0.0124603896813587 0.0138794440841987 -0.0056857030850499 -0.0010013599673848 0.0004296450686586 -0.0200487760886002 0.0063049186026924 -0.0029299082033438
-0.0044608178415967 0.0110088302659712 -0.0000428592776053 -0.0031518954531695 -0.0001438154630893 -0.0053029294541306 0.0117836480590693 0.0138165815973624 -0.0056317760876815 -0.0011740157012169 0.0010169671271431 -0.0238286709014288
0.0023565403444147 -0.0004417747494783 -0.0006053399581753 0.0004715519719876 -0.0011445531398084 0.0006203276427193 0.0003762275543378 0.0017461663383028 -0.0022095542648607 0.0015383251606172 -0.0013094365605500 -0.0012033300335313
0.0023686357511175 -0.0029240735912737 0.0023191193668531 -0.0003137780458449 -0.0004772542037596 0.0002997135024177 -0.0009773948102332 0.0004690641658457 0.0003515841569553 0.0018611336599568 -0.0023296559470482 0.0016627740470485
-0.0013455902248912 -0.0012591421361387 0.0023100350217712 -0.0028734678545255 0.0022708030395470 -0.0001865502131435 -0.0003426384384627 0.0001256620746220 -0.0008074047082368 0.0003175903275616 0.0003001948294304 0.0019680854830905
-0.0024413465858808 0.0017790127633929 -0.0013683618164530 -0.0013017819202943 0.0022407226691179 -0.0028123577751284 0.0022118521609057 -0.0000628778947951 -0.0002024516343477 -0.0000498843718597 -0.0006352783452362 0.0001668723512719
0.0002268088701637 0.0020664349377188 -0.0025441848243974 0.0018865400587357 -0.0013774587167903 -0.0013308626187211 0.0021609975771471 -0.0027409901420094 0.0021425838766475 0.0000541531217078 -0.0000576697111296 -0.0002262041138315
-0.0004617217002102 0.0000178893840767 0.0001358138891971 0.0021556469583659 -0.0026377651559561 0.0019848908790611 -0.0013727047492252 -0.0013461563669043 0.0020712038697576 -0.0026596526463674 0.0020633712804468 0.0001611451690809
0.0000907211363608 -0.0004025745675229 -0.0002874484608498 -0.0001283718786896 0.0000312484496000 0.0022352397510724 -0.0027217194009834 0.0020736387966063 -0.0013540505841599 -0.0013475831122271 0.0019717288394371 -0.0025686728357294
0.0019746427571881 0.0002543759494526 0.0002417307846359 -0.0005782751841314 -0.0001131772104410 -0.0002709228977703 -0.0000831852446862 0.0023047859813507 -0.0027957180435077 0.0021523983295366 -0.0013215843918422 -0.0013351997481663
0.0018630007453982 -0.0024684169208908 0.0018768810608513 0.0003297857888833 0.0003943712004168 -0.0007525903087306 0.0000603714305731 -0.0004087793231502 -0.0002041086351110 0.0023639136896914 -0.0028594714241957 0.0022208271414488
-0.0012755427319304 -0.0013091894847949 0.0017454864917706 -0.0023592884392697 0.0017706221197073 0.0003829649173232 0.0005476621315217 -0.0009248119937187 0.0002324776996108 -0.0005409673551497 -0.0003284540893422 0.0024123069421818
-0.0029127307863787 0.0022786281102059 -0.0012163216688305 -0.0012698514661210 0.0016196891962799 -0.0022417267782160 0.0016564535620017 0.0004091407946408 0.0002363005177764 -0.0008569707624783 0.0002811396536531 -0.0002464076917410
-0.0001808368824955 0.0005808238510468 0.0015041433188490 0.0005683335350627 -0.0000915702235400 -0.0002015645452089 -0.0002767533370930 -0.0009657633713795 0.0000135663109854 -0.0000100083078042 0.0002723519625528 -0.0007551042421609
0.0003415500890938 -0.0002459071320098 -0.0001927226220801 0.0005694864084576 0.0010283318698565 0.0005450845479550 -0.0000791680230582 -0.0001861262637690 -0.0003620827574247 -0.0009034535533343 -0.0000178313393002 -0.0000156611694892
0.0003079935739359 -0.0006210821739628 0.0003963556089898 -0.0002436120513729 -0.0002038739638291 0.0005528277925258 0.0006135101014393 0.0005189102482376 -0.0000673028042262 -0.0001685091386275 -0.0004474787010841 -0.0008324655601214
-0.0000475735360065 -0.0000224839293147 0.0003429231198592 -0.0004515308961247 0.0004453927572837 -0.0002396349434920 -0.0002141399876645 0.0005306954221334 0.0002551740562237 0.0004901544882987 -0.0000560956061708 -0.0001487453429774
-0.0005318587285253 -0.0007545715283652 -0.0000755199298347 -0.0000304114693103 0.0003768279044250 -0.0002429036979938 0.0004885612523324 -0.0002340975806012 -0.0002233725230204 0.0005029754014472 -0.0000510041559265 0.0004591618518909
-0.0000456592005943 -0.0001268854901354 -0.0006140226843655 -0.0006714049222616 -0.0001015498421018 -0.0000393676007182 0.0004093865010591 0.0000085205017504 0.0005258192559159 -0.0002271298752403 -0.0002314273153265 0.0004695967815945
-0.0003091757929072 0.0004262751813310 -0.0000360973606573 -0.0001029990310005 -0.0006926478904096 -0.0005844649938950 -0.0001255622437905 -0.0000492655552535 0.0004402706477491 0.0003066380834074 0.0005571787285350 -0.0002188687236449
-0.0002381651949917 0.0004305359386289 -0.0005233153824566 0.0003918332707973 -0.0000275041934620 -0.0000771745485529 -0.0007662844274349 -0.0004951213727251 -0.0001474756187150 -0.0000600085457930 0.0004691473070634 0.0006555212377404
0.0005827008809559 -0.0002094568360333 -0.0002434532428575 0.0003858210599506 -0.0006972210770624 0.0003561687253021 -0.0000199635389390 -0.0000495199440759 -0.0008333505207216 -0.0004046187678459 -0.0001672277143431 -0.0000714903959545
0.0004956808925554 0.0010594180383299 0.0006024917303711 -0.0001990415611891 -0.0002471659474144 0.0003355367289914 -0.0008345154310878 0.0003196059860849 -0.0000135484378449 -0.0000201625091329 -0.0008921280482494 -0.0003140817637705
-0.0001847751875695 -0.0000835962336551 0.0005195356597547 0.0015227520536727 0.0000593721739499 0.0000447963307065 -0.0000771940736561 0.0000889811350646 -0.0000038740847397 -0.0000860359951147 -0.0000223957445743 -0.0000361768712045
-0.0000846897123264 0.0001304819039871 -0.0000242632699122 0.0000470584779992 0.0001136537593990 -0.0001413552832683 0.0000493785911274 0.0000393910293733 -0.0000821955566670 0.0000805429122008 0.0000076260096800 -0.0000895761373585
-0.0000165934672295 -0.0000267768248329 -0.0000940583182313 0.0001321837876223 -0.0000150081608513 0.0000413427013288 0.0001185755819728 -0.0001370942326000 0.0000391104369092 0.0000327470002542 -0.0000862621193479 0.0000714984857424
0.0000190255618667 -0.0000921245130928 -0.0000089396761705 -0.0000169921129327 -0.0001028628777133 0.0001329401448798 -0.0000057743638067 0.0000346474379566 0.0001226476488922 -0.0001319821603465 0.0000286538873935 0.0000250455085226
-0.0000893484482764 0.0000619096183169 0.0000302483434574 -0.0000936535904461 -0.0000001594741842 -0.0000069121517141 -0.0001110453014942 0.0001327466306915 0.0000032890660471 0.0000271160396603 0.0001258374912738 -0.0001260521251137
0.0000180975919311 0.0000165328851914 -0.0000914216543743 0.0000518416213720 0.0000412190985427 -0.0000941461422562 0.0000091327074466 0.0000033721661740 -0.0001185516506123 0.0001316058506735 0.0000120292905485 0.0000188988191783
0.0001281195403438 -0.0001193425608218 0.0000075319902953 0.0000075281964541 -0.0000924610766330 0.0000413628879908 0.0000518640509087 -0.0000935958214328 0.0000184234292540 0.0000137692771578 -0.0001253324714548 0.0001295274304430
0.0000202917526305 0.0000101500552416 0.0001294752145639 -0.0001118970389987 -0.0000029514001703 -0.0000015686269642 -0.0000924579804352 0.0000305444128386 0.0000621114066356 -0.0000920076657528 0.0000272910504384 0.0000241877251008
-0.0001313431049202 0.0001265280388883 0.0000279225145592 0.0000010252940268 0.0001298929616415 -0.0001037640012529 -0.0000132607282543 -0.0000102681980951 -0.0000914151598495 0.0000194593000491 0.0000718918479710 -0.0000893985204097
0.0000353970119474 0.0000345369180183 -0.0001365439622602 0.0001226313628566 0.0000347708752451 -0.0000083210595560 0.0001293682479241 -0.0000949964579617 -0.0000233045846119 -0.0000179826037715 -0.0000893464540258 0.0000081822623654
0.0000811390188327 -0.0000857973658892 0.0000424775859981 0.0000447278464989 -0.0001409007709467 0.0001178680292868 0.0000406922856591 -0.0000177378801535 0.0001279035008294 -0.0000856516612514 -0.0000329927979301 -0.0000240158563639
0.0000198328009902 0.0000488334018444 -0.0000281477434943 -0.0000065783467653 -0.0000078895295657 -0.0000043044176441 -0.0000823423702230 0.0000153575867744 -0.0000046331423374 0.0000006046423993 -0.0000295222548786 0.0000129552418279
0.0000137576311073 -0.0000005412269801 0.0000201513801549 0.0000497282972380 -0.0000262540277949 -0.0000072005640546 -0.0000081617001610 -0.0000073684695034 -0.0000439802238719 0.0000170184608192 -0.0000040569353131 0.0000019785838479
-0.0000270353328954 0.0000062177654595 0.0000122774961828 -0.0000008438197898 0.0000202578551106 0.0000482829494242 -0.0000240288536940 -0.0000077046446420 -0.0000083533355236 -0.0000104668016571 -0.0000134157830009 0.0000184296476096
-0.0000034882671707 0.0000034086017151 -0.0000238860907195 -0.0000001718512033 0.0000107480820473 -0.0000012052060141 0.0000201396805146 0.0000439637011328 -0.0000215268967930 -0.0000080914671993 -0.0000084564669533 -0.0000135575657292
0.0000103407777034 0.0000195866808096 -0.0000029367451713 0.0000048809328646 -0.0000200804204991 -0.0000061051353705 0.0000091883908981 -0.0000016197346199 0.0000197864273138 0.0000361754857176 -0.0000188024132435 -0.0000083632668891
-0.0000084639583111 -0.0000165958155706 0.0000281959757453 0.0000204883839172 -0.0000024114740536 0.0000063805960551 -0.0000156389081771 -0.0000114982711405 0.0000076168192250 -0.0000020808655721 0.0000191899411539 0.0000242579167092
-0.0000159085452989 -0.0000085235631844 -0.0000083696144127 -0.0000195338500435 0.0000409772619661 0.0000211366788103 -0.0000019209590599 0.0000078915086163 -0.0000105989125142 -0.0000162895699278 0.0000060509869416 -0.0000025812441742
0.0000183445897162 0.0000074812643305 -0.0000128967269866 -0.0000085770638239 -0.0000081682837702 -0.0000223216215295 0.0000494371727103 0.0000215363524095 -0.0000014730070274 0.0000093966154054 -0.0000050167910433 -0.0000204370772890
0.0000045075839925 -0.0000031127838047 0.0000172475028662 -0.0000149576404051 -0.0000098161524565 -0.0000085295818233 -0.0000078559706314 -0.0000249072478508 0.0000542574770745 0.0000216948288393 -0.0000010746432046 0.0000108780338723
0.0000010297639036 -0.0000239163006200 0.0000030022331325 -0.0000036667439878 0.0000158987961687 -0.0000439395562923 -0.0000067133323243 -0.0000083879262605 -0.0000074299049885 -0.0000272375812522 0.0000560532190486 0.0000216219192141
-0.0000007320392949 0.0000123172154090 0.0000074392313496 -0.0000267180882452 0.0000015493798135 -0.0000042338459848 0.0000143017811836 -0.0000804270249887 -0.0000017283633391 -0.0000014530727875 0.0000009836793527 0.0000051431741199
0.0000018229064074 -0.0000027377055765 0.0000010253854196 -0.0000043358681060 -0.0000023483609850 0.0000051568951729 0.0000027232159688 0.0000006742878654 0.0000016542266627 -0.0000055920184197 -0.0000021631617091 -0.0000015149587076
0.0000005784121999 0.0000049499609835 0.0000023502667447 -0.0000023686086599 0.0000005773532942 -0.0000042995991699 -0.0000028679856016 0.0000049086712980 0.0000026945944120 0.0000010605233479 0.0000021561793583 -0.0000053385140300
-0.0000025636623600 -0.0000014793402906 0.0000001487289849 0.0000047050506753 0.0000028528992402 -0.0000019694535069 0.0000000837812083 -0.0000042060598276 -0.0000033629567216 0.0000046128847344 0.0000026016335036 0.0000014215384185
0.0000026388743140 -0.0000050360618425 -0.0000029249695187 -0.0000013417881218 -0.0000002974837806 0.0000044108338264 0.0000033259395103 -0.0000015467708061 -0.0000004008020825 -0.0000040563371636 -0.0000038284802624 0.0000042728629019
0.0000024462774984 0.0000017465868932 0.0000030968411754 -0.0000046875329712 -0.0000032426884500 -0.0000011028889088 -0.0000007522361737 0.0000040701855464 0.0000037648012076 -0.0000011075656055 -0.0000008365374177 -0.0000038522335184
-0.0000042600535423 0.0000038924297339 0.0000022321219054 0.0000020265491537 0.0000035248985329 -0.0000042962215566 -0.0000035129343074 -0.0000007698340834 -0.0000012075570366 0.0000036864691471 0.0000041652378513 -0.0000006592483408
-0.0000011959274540 -0.0000035962702787 -0.0000046534963279 0.0000034758804300 0.0000019644488396 0.0000022539822870 0.0000039182430654 -0.0000038658427199 -0.0000037323947535 -0.0000003580063908 -0.0000016556373009 0.0000032634465394
0.0000045233542661 -0.0000002095417535 -0.0000014618291458 -0.0000032915814703 -0.0000050050075780 0.0000030279200611 0.0000016502989315 0.0000024231618852 0.0000042724597115 -0.0000034004833463 -0.0000038984108830 0.0000001072914766
-0.0000020889449919 0.0000028052819781 0.0000048356956595 0.0000002336619751 -0.0000016256519344 -0.0000029419284664 -0.0000053111845596 0.0000025536181046 0.0000012983383142 0.0000025300847618 0.0000045835999150 -0.0000029045930706
-0.0000040089680375 0.0000005888069361 -0.0000025003095796 0.0000023164730083 0.0000050992508240 0.0000006624165212 -0.0000016857169381 -0.0000025515720753 -0.0000055690585380 0.0000020583840941 0.0000009189156028 0.0000025724314159
0.0000048481916384 -0.0000023828757884 -0.0000040628048914 0.0000010351566900 -0.0000005021863427 0.0000006497974912 0.0000006266452325 0.0000000420720344 0.0000002678054300 0.0000010173691658 -0.0000027494341969 0.0000003768688645
0.0000001941919663 -0.0000003691270632 -0.0000006640834887 -0.0000011902698793 -0.0000006945528944 0.0000000351346677 -0.0000004352473267 0.0000009633478989 0.0000007524386874 0.0000000875335817 0.0000002631109464 0.0000010530800505
-0.0000010102915672 0.0000002638861308 0.0000001734668308 -0.0000004249801647 -0.0000008331695940 -0.0000012634364919 -0.0000006781777656 0.0000000486707732 -0.0000003576450596 0.0000012264516515 0.0000008591655936 0.0000001285871029
0.0000002535066484 0.0000010710297971 0.0000001882364295 0.0000001510785067 0.0000001521185110 -0.0000004781483047 -0.0000009852694221 -0.0000012880839805 -0.0000006534486976 0.0000000645295521 -0.0000002714182471 0.0000014015820423
0.0000009454925640 0.0000001648861205 0.0000002388867223 0.0000010698617278 0.0000009535333124 0.0000000403228125 0.0000001306645518 -0.0000005276600457 -0.0000011146632754 -0.0000012678949348 -0.0000006211757410 0.0000000823002968
-0.0000001774854431 0.0000014433338143 0.0000010107767818 0.0000001962020106 0.0000002190836573 0.0000010485800257 0.0000013778729701 -0.0000000668033421 0.0000001096899598 -0.0000005724995482 -0.0000012154915101 -0.0000012073009849
-0.0000005822326389 0.0000001016398533 -0.0000000769560263 0.0000012967652116 0.0000010549052803 0.0000002223370931 0.0000001940409749 0.0000010064757555 0.0000015403721498 -0.0000001687698668 0.0000000896562008 -0.0000006117254997
-0.0000012821190573 -0.0000011115698630 -0.0000005374958986 0.0000001220322286 0.0000000288709065 0.0000008964806208 0.0000010781186675 0.0000002432315466 0.0000001639022313 0.0000009432579597 0.0000015078549366 -0.0000002642366126
0.0000000710305208 -0.0000006444456738 -0.0000013093121128 -0.0000009863220766 -0.0000004879510844 0.0000001429802414 0.0000001384420330 0.0000001651176939 0.0000010809798161 0.0000002588970014 0.0000001287930224 0.0000008590274228
0.0000013365292993 -0.0000003520359464 0.0000000543062488 -0.0000006697773164 -0.0000012925169248 -0.0000008374072467 -0.0000004345715395 0.0000001639995003 0.0000002502114777 -0.0000009879372307 0.0000010645760229 0.0000002694248968
0.0000000889178522 0.0000007544029480 0.0000010729541608 -0.0000004312451160 0.0000000397855730 -0.0000006869575305 -0.0000012280560787 -0.0000006706754532 -0.0000003782713281 0.0000001845092688 0.0000003624212035 -0.0000026679073008
